T (K)      Macro Gruneisen          Macro Gruneisen            LTEC (K-1)               LTEC (K-1)        
1      3.536747404255868e-01   -2.781056800135781e-03    6.491627209616056e-31    2.236013274401399e-31
2      3.441862235104658e-01    3.796007428180858e-02    8.740458774837821e-20    2.653436638809197e-19
3      3.334170699049439e-01    8.374402887874068e-02    3.323121101977689e-16    2.006757683615979e-15
4      3.154970627050381e-01    1.609894605342518e-01    1.786290663215114e-14    1.973339530049034e-13
5      2.914687804720994e-01    2.699008728662749e-01    1.839783608414341e-13    3.298961113590188e-12
6      2.650733279733451e-01    3.999287432353809e-01    8.616560072020606e-13    2.219621411686760e-11
7      2.404177441262982e-01    5.354213688922211e-01    2.639794583564795e-12    8.795923190221651e-11
8      2.203399588921842e-01    6.611776613699741e-01    6.285022692310787e-12    2.493434746366174e-10
9      2.056289732252385e-01    7.675923954663360e-01    1.269153911795834e-11    5.645148495155926e-10
10     1.952666518129796e-01    8.521858003197650e-01    2.279303039871182e-11    1.092484811928414e-09
11     1.871637392476587e-01    9.178847642003705e-01    3.744165983558045e-11    1.890216654197648e-09
12     1.788484652663749e-01    9.703119811021838e-01    5.728602450127220e-11    3.016966321531253e-09
13     1.679282703527895e-01    1.015617742465038e+00    8.266788161600169e-11    4.544003787100780e-09
14     1.523758446182912e-01    1.059195166144569e+00    1.135403755135164e-10    6.566267857773613e-09
15     1.307166168467630e-01    1.105067475653602e+00    1.494046067255450e-10    9.212459908137789e-09
16     1.021437519006827e-01    1.155693056674692e+00    1.892637449158595e-10    1.265103634138487e-08
17     6.655026321385291e-02    1.212034368786946e+00    2.315975356929084e-10    1.709092582959774e-08
18     2.446776308856154e-02    1.273804307369559e+00    2.743611969030515e-10    2.277708453314337e-08
19    -2.307639632021517e-02    1.339818947364730e+00    3.150110475940602e-10    2.998191886265800e-08
20    -7.474914120301895e-02    1.408382249890326e+00    3.505561103694030e-10    3.899406622352591e-08
21    -1.291057455692824e-01    1.477634464273282e+00    3.776318367511775e-10    5.010608993229064e-08
22    -1.847523313111466e-01    1.545818157581162e+00    3.925899331948725e-10    6.360244159466343e-08
23    -2.404578298447951e-01    1.611445203408165e+00    3.915973068826182e-10    7.974870449231839e-08
24    -2.952132629543704e-01    1.673372967817843e+00    3.707372806868018e-10    9.878275938330935e-08
25    -3.482475003155274e-01    1.730811993200368e+00    3.261071265630926e-10    1.209081768969190e-07
26    -3.990132219987518e-01    1.783290848972793e+00    2.539072855044217e-10    1.462898722520076e-07
27    -4.471563558395630e-01    1.830600233948717e+00    1.505190862921769e-10    1.750518677676895e-07
28    -4.924792602633927e-01    1.872732026616940e+00    1.256913899001183e-11    2.072768909998714e-07
29    -5.349043532205696e-01    1.909822657733980e+00   -1.630202573115004e-10    2.430074783766048e-07
30    -5.744418322623090e-01    1.942105271468462e+00   -3.789944408884403e-10    2.822482407745673e-07
31    -6.111629564555942e-01    1.969871914701077e+00   -6.377425396413008e-10    3.249689642890765e-07
32    -6.451790255257361e-01    1.993445179734988e+00   -9.412851152630354e-10    3.711082545381288e-07
33    -6.766254931535803e-01    2.013157898914129e+00   -1.291271732270949e-09    4.205774770200697e-07
34    -7.056503708408206e-01    2.029339264130901e+00   -1.688986801931166e-09    4.732647927728691e-07
35    -7.324060402468764e-01    2.042305836615761e+00   -2.135362077962821e-09    5.290391335594612e-07
36    -7.570436745443634e-01    2.052356141662327e+00   -2.630994282387402e-09    5.877540014787835e-07
37    -7.797095991232734e-01    2.059767806045376e+00   -3.176166487284742e-09    6.492510130093943e-07
38    -8.005430582212187e-01    2.064796441452459e+00   -3.770872049327942e-09    7.133631366480413e-07
39    -8.196749772753705e-01    2.067675684571073e+00   -4.414840072471693e-09    7.799175966916219e-07
40    -8.372274137493501e-01    2.068617969318446e+00   -5.107561548700660e-09    8.487384338401775e-07
41    -8.533134710943786e-01    2.067815732607273e+00   -5.848315489924966e-09    9.196487268464342e-07
42    -8.680375135244226e-01    2.065442848439731e+00   -6.636194511609628e-09    9.924724891305325e-07
43    -8.814955666161489e-01    2.061656152850799e+00   -7.470129458463407e-09    1.067036260823992e-06
44    -8.937758236403688e-01    2.056596970412083e+00   -8.348912773997785e-09    1.143170420751601e-06
45    -9.049592028765295e-01    2.050392586710463e+00   -9.271220409569032e-09    1.220710244970903e-06
46    -9.151199193330215e-01    2.043157634388094e+00   -1.023563214587208e-08    1.299496739147030e-06
47    -9.243260471680442e-01    2.034995375968076e+00   -1.124065026237199e-08    1.379377271642950e-06
48    -9.326400581136901e-01    2.025998877009970e+00   -1.228471653960977e-08    1.460206033071342e-06
49    -9.401193274260350e-01    2.016252069752827e+00   -1.336622761749319e-08    1.541844346436824e-06
50    -9.468166031115192e-01    2.005830711466012e+00   -1.448354876130131e-08    1.624160850090280e-06
51    -9.527804369953766e-01    1.994803244059315e+00   -1.563502610777977e-08    1.707031573667370e-06
52    -9.580555780215541e-01    1.983231562679183e+00   -1.681899747781414e-08    1.790339925098270e-06
53    -9.626833293072531e-01    1.971171701437529e+00   -1.803380185100045e-08    1.873976604731835e-06
54    -9.667018711343026e-01    1.958674444359776e+00   -1.927778760207162e-08    1.957839460666615e-06
55    -9.701465523967201e-01    1.945785869287534e+00   -2.054931960051723e-08    2.041833297556824e-06
56    -9.730501531466687e-01    1.932547831955593e+00   -2.184678527362644e-08    2.125869649482581e-06
57    -9.754431208648927e-01    1.918998396866947e+00   -2.316859973023756e-08    2.209866525949083e-06
58    -9.773537829788723e-01    1.905172220967878e+00   -2.451321003821775e-08    2.293748138710129e-06
59    -9.788085379983792e-01    1.891100895512390e+00   -2.587909874355006e-08    2.377444615893278e-06
60    -9.798320274581841e-01    1.876813250922116e+00   -2.726478671320828e-08    2.460891708829576e-06
61    -9.804472906676921e-01    1.862335628905857e+00   -2.866883537801947e-08    2.544030496050136e-06
62    -9.806759040778354e-01    1.847692125607649e+00   -3.008984844565198e-08    2.626807088094355e-06
63    -9.805381068932731e-01    1.832904809105119e+00   -3.152647314787578e-08    2.709172336068421e-06
64    -9.800529143868392e-01    1.817993914180044e+00   -3.297740108043625e-08    2.791081546286961e-06
65    -9.792382202151952e-01    1.802978016927958e+00   -3.444136868833518e-08    2.872494202814020e-06
66    -9.781108888908008e-01    1.787874191460127e+00   -3.591715744408332e-08    2.953373699281804e-06
67    -9.766868394354596e-01    1.772698150675597e+00   -3.740359376160101e-08    3.033687080997008e-06
68    -9.749811211245070e-01    1.757464372839551e+00   -3.889954868391808e-08    3.113404798036463e-06
69    -9.730079821272457e-01    1.742186215493295e+00   -4.040393737866071e-08    3.192500469778064e-06
70    -9.707809317576508e-01    1.726876018037270e+00   -4.191571847150867e-08    3.270950661102471e-06
71    -9.683127969685357e-01    1.711545194168497e+00   -4.343389324434415e-08    3.348734670329511e-06
72    -9.656157736512768e-01    1.696204315214685e+00   -4.495750472168243e-08    3.425834328814816e-06
73    -9.627014732408229e-01    1.680863185286399e+00   -4.648563666614909e-08    3.502233812022167e-06
74    -9.595809650710539e-01    1.665530909063695e+00   -4.801741250123141e-08    3.577919461800827e-06
75    -9.562648148777430e-01    1.650215952942456e+00   -4.955199417725855e-08    3.652879619531189e-06
76    -9.527631198045704e-01    1.634926200186392e+00   -5.108858099453542e-08    3.727104469752921e-06
77    -9.490855402310620e-01    1.619669000661733e+00   -5.262640839574538e-08    3.800585893854722e-06
78    -9.452413287093580e-01    1.604451215671517e+00   -5.416474673812980e-08    3.873317333381429e-06
79    -9.412393562686988e-01    1.589279258353949e+00   -5.570290005452403e-08    3.945293662500332e-06
80    -9.370881363219549e-01    1.574159130063328e+00   -5.724020481106675e-08    4.016511069162465e-06
81    -9.327958463869164e-01    1.559096453111755e+00   -5.877602866828025e-08    4.086966944494877e-06
82    -9.283703478160243e-01    1.544096500214306e+00   -6.030976925123325e-08    4.156659779965121e-06
83    -9.238192037113711e-01    1.529164220948923e+00   -6.184085293362637e-08    4.225589071868286e-06
84    -9.191496951868285e-01    1.514304265514416e+00   -6.336873363987544e-08    4.293755232699175e-06
85    -9.143688361258014e-01    1.499521006045047e+00   -6.489289166859119e-08    4.361159508986644e-06
86    -9.094833865711333e-01    1.484818555717880e+00   -6.641283254026538e-08    4.427803905183274e-06
87    -9.044998648728805e-01    1.470200785869002e+00   -6.792808587145083e-08    4.493691113220804e-06
88    -8.994245587098791e-01    1.455671341316495e+00   -6.943820427727100e-08    4.558824447359796e-06
89    -8.942635350921097e-01    1.441233654071539e+00   -7.094276230369596e-08    4.623207783980246e-06
90    -8.890226494426626e-01    1.426890955603874e+00   -7.244135539067555e-08    4.686845505978481e-06
91    -8.837075538505837e-01    1.412646287814022e+00   -7.393359886691839e-08    4.749742451453881e-06
92    -8.783237045788791e-01    1.398502512851854e+00   -7.541912697684361e-08    4.811903866387013e-06
93    -8.728763689054636e-01    1.384462321909288e+00   -7.689759194000495e-08    4.873335361028395e-06
94    -8.673706313687752e-01    1.370528243103968e+00   -7.836866304309116e-08    4.934042869734107e-06
95    -8.618113994840770e-01    1.356702648560583e+00   -7.983202576443748e-08    4.994032614000883e-06
96    -8.562034089911458e-01    1.342987760787008e+00   -8.128738093084041e-08    5.053311068469096e-06
97    -8.505512286889995e-01    1.329385658433623e+00   -8.273444390634365e-08    5.111884929677044e-06
98    -8.448592649085848e-01    1.315898281515932e+00   -8.417294381256003e-08    5.169761087364295e-06
99    -8.391317656698846e-01    1.302527436172886e+00   -8.560262278000864e-08    5.226946598135393e-06
100   -8.333728245656712e-01    1.289274799026187e+00   -8.702323522987269e-08    5.283448661308093e-06
101   -8.275863844101705e-01    1.276141921199118e+00   -8.843454718552536e-08    5.339274596782390e-06
102   -8.217762406871491e-01    1.263130232047244e+00   -8.983633561312419e-08    5.394431824778028e-06
103   -8.159460448284178e-01    1.250241042647540e+00   -9.122838779053696e-08    5.448927847298912e-06
104   -8.100993073504376e-01    1.237475549087120e+00   -9.261050070383359e-08    5.502770231192861e-06
105   -8.042394008736096e-01    1.224834835587787e+00   -9.398248047055787e-08    5.555966592684638e-06
106   -7.983695630459426e-01    1.212319877498024e+00   -9.534414178898052e-08    5.608524583268910e-06
107   -7.924928993900877e-01    1.199931544179829e+00   -9.669530741252608e-08    5.660451876858155e-06
108   -7.866123860902317e-01    1.187670601813927e+00   -9.803580764856453e-08    5.711756158088042e-06
109   -7.807308727330108e-01    1.175537716143349e+00   -9.936547988075936e-08    5.762445111690184e-06
110   -7.748510850144832e-01    1.163533455172136e+00   -1.006841681141720e-07    5.812526412848635e-06
111   -7.689756274232261e-01    1.151658291833038e+00   -1.019917225423277e-07    5.862007718462844e-06
112   -7.631069859078434e-01    1.139912606635415e+00   -1.032879991354648e-07    5.910896659245508e-06
113   -7.572475305355253e-01    1.128296690302192e+00   -1.045728592491975e-07    5.959200832589092e-06
114   -7.513995181468491e-01    1.116810746402635e+00   -1.058461692528451e-07    6.006927796139831e-06
115   -7.455650950106695e-01    1.105454893985830e+00   -1.071078001766906e-07    6.054085062022612e-06
116   -7.397462994817764e-01    1.094229170218109e+00   -1.083576273774569e-07    6.100680091664395e-06
117   -7.339450646629523e-01    1.083133533026255e+00   -1.095955302213049e-07    6.146720291167895e-06
118   -7.281632210721304e-01    1.072167863747060e+00   -1.108213917836781e-07    6.192213007190799e-06
119   -7.224024993145708e-01    1.061331969782764e+00   -1.120350985653417e-07    6.237165523289318e-06
120   -7.166645327592689e-01    1.050625587261026e+00   -1.132365402239811e-07    6.281585056687995e-06
121   -7.109508602182303e-01    1.040048383697317e+00   -1.144256093207497e-07    6.325478755440565e-06
122   -7.052629286267570e-01    1.029599960657049e+00   -1.156022010811755e-07    6.368853695949462e-06
123   -6.996020957224862e-01    1.019279856414252e+00   -1.167662131698547e-07    6.411716880813961e-06
124   -6.939696327205969e-01    1.009087548603277e+00   -1.179175454783845e-07    6.454075236979385e-06
125   -6.883667269823667e-01    9.990224568597323e-01   -1.190560999260065e-07    6.495935614161816e-06
126   -6.827944846740575e-01    9.890839454466755e-01   -1.201817802724488e-07    6.537304783524832e-06
127   -6.772539334130089e-01    9.792713258620088e-01   -1.212944919424785e-07    6.578189436586563e-06
128   -6.717460248977334e-01    9.695838594230022e-01   -1.223941418616918e-07    6.618596184337090e-06
129   -6.662716375187943e-01    9.600207598238846e-01   -1.234806383030883e-07    6.658531556547699e-06
130   -6.608315789472677e-01    9.505811956625706e-01   -1.245538907439919e-07    6.698002001255092e-06
131   -6.554265886976414e-01    9.412642929326742e-01   -1.256138097328995e-07    6.737013884404783e-06
132   -6.500573406620925e-01    9.320691374771712e-01   -1.266603067658535e-07    6.775573489639368e-06
133   -6.447244456132011e-01    9.229947774002443e-01   -1.276932941719481e-07    6.813687018218276e-06
134   -6.394284536722884e-01    9.140402254340740e-01   -1.287126850075969e-07    6.851360589056857e-06
135   -6.341698567407238e-01    9.052044612575801e-01   -1.297183929592005e-07    6.888600238873484e-06
136   -6.289490908917087e-01    8.964864337643601e-01   -1.307103322538684e-07    6.925411922434307e-06
137   -6.237665387202288e-01    8.878850632773482e-01   -1.316884175778597e-07    6.961801512886148e-06
138   -6.186225316490411e-01    8.793992437079646e-01   -1.326525640024218e-07    6.997774802168739e-06
139   -6.135173521887688e-01    8.710278446578082e-01   -1.336026869167152e-07    7.033337501498206e-06
140   -6.084512361503555e-01    8.627697134612040e-01   -1.345387019675259e-07    7.068495241914443e-06
141   -6.034243748083306e-01    8.546236771671760e-01   -1.354605250054745e-07    7.103253574885504e-06
142   -5.984369170135349e-01    8.465885444596756e-01   -1.363680720374429e-07    7.137617972962747e-06
143   -5.934889712541386e-01    8.386631075151493e-01   -1.372612591849474e-07    7.171593830481035e-06
144   -5.885806076639717e-01    8.308461437967459e-01   -1.381400026481990e-07    7.205186464298657e-06
145   -5.837118599773735e-01    8.231364177847257e-01   -1.390042186755932e-07    7.238401114572154e-06
146   -5.788827274299305e-01    8.155326826428067e-01   -1.398538235383875e-07    7.271242945561593e-06
147   -5.740931766046548e-01    8.080336818204327e-01   -1.406887335103286e-07    7.303717046462241e-06
148   -5.693431432232972e-01    8.006381505911032e-01   -1.415088648519952e-07    7.335828432258936e-06
149   -5.646325338826566e-01    7.933448175270961e-01   -1.423141337996371e-07    7.367582044599668e-06
150   -5.599612277358811e-01    7.861524059110883e-01   -1.431044565582901e-07    7.398982752685335e-06
151   -5.553290781188902e-01    7.790596350853128e-01   -1.438797492989571e-07    7.430035354172780e-06
152   -5.507359141221779e-01    7.720652217390452e-01   -1.446399281596501e-07    7.460744576088553e-06
153   -5.461815421083688e-01    7.651678811353277e-01   -1.453849092500933e-07    7.491115075750952e-06
154   -5.416657471760055e-01    7.583663282779574e-01   -1.461146086598942e-07    7.521151441698282e-06
155   -5.371882945701517e-01    7.516592790198680e-01   -1.468289424699946e-07    7.550858194621275e-06
156   -5.327489310404719e-01    7.450454511141174e-01   -1.475278267672161e-07    7.580239788297964e-06
157   -5.283473861475454e-01    7.385235652087763e-01   -1.482111776617241e-07    7.609300610529327e-06
158   -5.239833735182351e-01    7.320923457870830e-01   -1.488789113072368e-07    7.638044984074283e-06
159   -5.196565920509997e-01    7.257505220542803e-01   -1.495309439238068e-07    7.666477167582674e-06
160   -5.153667270720981e-01    7.194968287725998e-01   -1.501671918230166e-07    7.694601356525075e-06
161   -5.111134514436861e-01    7.133300070459092e-01   -1.507875714354233e-07    7.722421684118301e-06
162   -5.068964266248412e-01    7.072488050555448e-01   -1.513919993400995e-07    7.749942222245701e-06
163   -5.027153036866028e-01    7.012519787489031e-01   -1.519803922961187e-07    7.777166982371315e-06
164   -4.985697242821339e-01    6.953382924823542e-01   -1.525526672758386e-07    7.804099916447161e-06
165   -4.944593215731435e-01    6.895065196200687e-01   -1.531087414998380e-07    7.830744917812934e-06
166   -4.903837211137251e-01    6.837554430903384e-01   -1.536485324733708e-07    7.857105822087509e-06
167   -4.863425416927845e-01    6.780838559009763e-01   -1.541719580241993e-07    7.883186408051705e-06
168   -4.823353961362405e-01    6.724905616153707e-01   -1.546789363416795e-07    7.908990398521859e-06
169   -4.783618920701882e-01    6.669743747907537e-01   -1.551693860169677e-07    7.934521461213747e-06
170   -4.744216326462153e-01    6.615341213802308e-01   -1.556432260842292e-07    7.959783209596544e-06
171   -4.705142172300623e-01    6.561686391000913e-01   -1.561003760627254e-07    7.984779203736472e-06
172   -4.666392420548146e-01    6.508767777639083e-01   -1.565407559996683e-07    8.009512951129905e-06
173   -4.627963008398052e-01    6.456573995848929e-01   -1.569642865137271e-07    8.033987907525683e-06
174   -4.589849853763937e-01    6.405093794479512e-01   -1.573708888390815e-07    8.058207477736488e-06
175   -4.552048860817804e-01    6.354316051528569e-01   -1.577604848699148e-07    8.082175016439097e-06
176   -4.514555925219952e-01    6.304229776299157e-01   -1.581329972052488e-07    8.105893828963421e-06
177   -4.477366939051864e-01    6.254824111294703e-01   -1.584883491940207e-07    8.129367172070276e-06
178   -4.440477795463149e-01    6.206088333865483e-01   -1.588264649803114e-07    8.152598254717739e-06
179   -4.403884393043384e-01    6.158011857619304e-01   -1.591472695486325e-07    8.175590238816167e-06
180   -4.367582639929526e-01    6.110584233608647e-01   -1.594506887691869e-07    8.198346239971771e-06
181   -4.331568457659287e-01    6.063795151306279e-01   -1.597366494430206e-07    8.220869328218860e-06
182   -4.295837784780683e-01    6.017634439380850e-01   -1.600050793469846e-07    8.243162528740643e-06
183   -4.260386580227699e-01    5.972092066283640e-01   -1.602559072784320e-07    8.265228822578769e-06
184   -4.225210826471754e-01    5.927158140657248e-01   -1.604890630995778e-07    8.287071147331584e-06
185   -4.190306532458436e-01    5.882822911576576e-01   -1.607044777814499e-07    8.308692397841194e-06
186   -4.155669736338687e-01    5.839076768632142e-01   -1.609020834473677e-07    8.330095426869428e-06
187   -4.121296508003378e-01    5.795910241865283e-01   -1.610818134158843e-07    8.351283045762787e-06
188   -4.087182951429933e-01    5.753314001564521e-01   -1.612436022431319e-07    8.372258025106480e-06
189   -4.053325206849454e-01    5.711278857931930e-01   -1.613873857645146e-07    8.393023095367645e-06
190   -4.019719452742447e-01    5.669795760627997e-01   -1.615131011356953e-07    8.413580947527930e-06
191   -3.986361907671107e-01    5.628855798203116e-01   -1.616206868728254e-07    8.433934233705469e-06
192   -3.953248831955740e-01    5.588450197423475e-01   -1.617100828919706e-07    8.454085567766447e-06
193   -3.920376529202773e-01    5.548570322498795e-01   -1.617812305476874e-07    8.474037525926399e-06
194   -3.887741347691420e-01    5.509207674218990e-01   -1.618340726707103e-07    8.493792647341314e-06
195   -3.855339681625949e-01    5.470353889006568e-01   -1.618685536047075e-07    8.513353434688784e-06
196   -3.823167972260158e-01    5.432000737891144e-01   -1.618846192420735e-07    8.532722354739186e-06
197   -3.791222708900474e-01    5.394140125412314e-01   -1.618822170587212e-07    8.551901838917280e-06
198   -3.759500429793844e-01    5.356764088456644e-01   -1.618612961478451e-07    8.570894283854129e-06
199   -3.727997722906373e-01    5.319864795034402e-01   -1.618218072526257e-07    8.589702051929647e-06
200   -3.696711226598379e-01    5.283434543001254e-01   -1.617637027978515e-07    8.608327471805867e-06
201   -3.665637630201416e-01    5.247465758729982e-01   -1.616869369204325e-07    8.626772838951096e-06
202   -3.634773674502507e-01    5.211950995736934e-01   -1.615914654987878e-07    8.645040416155109e-06
203   -3.604116152140662e-01    5.176882933267715e-01   -1.614772461810845e-07    8.663132434035516e-06
204   -3.573661907920563e-01    5.142254374846389e-01   -1.613442384123149e-07    8.681051091535469e-06
205   -3.543407839048085e-01    5.108058246792185e-01   -1.611924034601973e-07    8.698798556412872e-06
206   -3.513350895292111e-01    5.074287596707554e-01   -1.610217044398859e-07    8.716376965721234e-06
207   -3.483488079076957e-01    5.040935591941083e-01   -1.608321063374828e-07    8.733788426282273e-06
208   -3.453816445509519e-01    5.007995518028735e-01   -1.606235760323428e-07    8.751035015150465e-06
209   -3.424333102345049e-01    4.975460777116574e-01   -1.603960823181624e-07    8.768118780069739e-06
210   -3.395035209895367e-01    4.943324886367900e-01   -1.601495959228549e-07    8.785041739922294e-06
211   -3.365919980883086e-01    4.911581476357725e-01   -1.598840895272006e-07    8.801805885169870e-06
212   -3.336984680245305e-01    4.880224289457150e-01   -1.595995377822785e-07    8.818413178287463e-06
213   -3.308226624890070e-01    4.849247178210159e-01   -1.592959173256763e-07    8.834865554189769e-06
214   -3.279643183408725e-01    4.818644103705126e-01   -1.589732067964817e-07    8.851164920650316e-06
215   -3.251231775747181e-01    4.788409133943258e-01   -1.586313868490595e-07    8.867313158713604e-06
216   -3.222989872838959e-01    4.758536442205944e-01   -1.582704401656187e-07    8.883312123100253e-06
217   -3.194914996202734e-01    4.729020305422950e-01   -1.578903514675770e-07    8.899163642605357e-06
218   -3.167004717506991e-01    4.699855102543219e-01   -1.574911075257300e-07    8.914869520490147e-06
219   -3.139256658104284e-01    4.671035312909893e-01   -1.570726971692352e-07    8.930431534867113e-06
220   -3.111668488537438e-01    4.642555514641120e-01   -1.566351112934191e-07    8.945851439078659e-06
221   -3.084237928019982e-01    4.614410383018053e-01   -1.561783428664203e-07    8.961130962069478e-06
222   -3.056962743892910e-01    4.586594688881321e-01   -1.557023869346821e-07    8.976271808752748e-06
223   -3.029840751059859e-01    4.559103297037242e-01   -1.552072406273051e-07    8.991275660370213e-06
224   -3.002869811402588e-01    4.531931164674846e-01   -1.546929031592762e-07    9.006144174846354e-06
225   -2.976047833178647e-01    4.505073339794761e-01   -1.541593758335897e-07    9.020878987136703e-06
226   -2.949372770402928e-01    4.478524959650886e-01   -1.536066620422750e-07    9.035481709570401e-06
227   -2.922842622214817e-01    4.452281249205756e-01   -1.530347672663487e-07    9.049953932187195e-06
228   -2.896455432232471e-01    4.426337519600332e-01   -1.524436990747090e-07    9.064297223068855e-06
229   -2.870209287895725e-01    4.400689166638973e-01   -1.518334671219897e-07    9.078513128665226e-06
230   -2.844102319799048e-01    4.375331669290221e-01   -1.512040831453936e-07    9.092603174114956e-06
231   -2.818132701015885e-01    4.350260588204002e-01   -1.505555609605245e-07    9.106568863561036e-06
232   -2.792298646415626e-01    4.325471564245733e-01   -1.498879164562372e-07    9.120411680461192e-06
233   -2.766598411974431e-01    4.300960317047857e-01   -1.492011675885268e-07    9.134133087893334e-06
234   -2.741030294081019e-01    4.276722643579166e-01   -1.484953343734787e-07    9.147734528856010e-06
235   -2.715592628838476e-01    4.252754416732326e-01   -1.477704388792974e-07    9.161217426564094e-06
236   -2.690283791363126e-01    4.229051583929894e-01   -1.470265052174408e-07    9.174583184739728e-06
237   -2.665102195081374e-01    4.205610165749104e-01   -1.462635595328776e-07    9.187833187898590e-06
238   -2.640046291025425e-01    4.182426254565681e-01   -1.454816299934919e-07    9.200968801631649e-06
239   -2.615114567128735e-01    4.159496013216844e-01   -1.446807467786576e-07    9.213991372882413e-06
240   -2.590305547521956e-01    4.136815673683681e-01   -1.438609420670045e-07    9.226902230219786e-06
241   -2.565617791830130e-01    4.114381535793005e-01   -1.430222500233993e-07    9.239702684106640e-06
242   -2.541049894471834e-01    4.092189965938805e-01   -1.421647067851643e-07    9.252394027164121e-06
243   -2.516600483960902e-01    4.070237395823337e-01   -1.412883504475575e-07    9.264977534431835e-06
244   -2.492268222211356e-01    4.048520321217890e-01   -1.403932210485346e-07    9.277454463623942e-06
245   -2.468051803846110e-01    4.027035300743255e-01   -1.394793605528215e-07    9.289826055381215e-06
246   -2.443949955509950e-01    4.005778954669869e-01   -1.385468128353126e-07    9.302093533519243e-06
247   -2.419961435187344e-01    3.984747963737612e-01   -1.375956236638260e-07    9.314258105272699e-06
248   -2.396085031525460e-01    3.963939067995165e-01   -1.366258406812331e-07    9.326320961535839e-06
249   -2.372319563162892e-01    3.943349065658915e-01   -1.356375133869870e-07    9.338283277099312e-06
250   -2.348663878064441e-01    3.922974811991249e-01   -1.346306931180749e-07    9.350146210883248e-06
251   -2.325116852862337e-01    3.902813218198186e-01   -1.336054330294133e-07    9.361910906166830e-06
252   -2.301677392204230e-01    3.882861250346169e-01   -1.325617880737122e-07    9.373578490814262e-06
253   -2.278344428108250e-01    3.863115928297924e-01   -1.314998149808276e-07    9.385150077497329e-06
254   -2.255116919325450e-01    3.843574324667203e-01   -1.304195722366291e-07    9.396626763914514e-06
255   -2.231993850709854e-01    3.824233563792276e-01   -1.293211200613986e-07    9.408009633006781e-06
256   -2.208974232596348e-01    3.805090820727978e-01   -1.282045203877864e-07    9.419299753170088e-06
257   -2.186057100186664e-01    3.786143320256140e-01   -1.270698368383465e-07    9.430498178464619e-06
258   -2.163241512943599e-01    3.767388335914202e-01   -1.259171347026689e-07    9.441605948820901e-06
259   -2.140526553993677e-01    3.748823189041835e-01   -1.247464809141342e-07    9.452624090242740e-06
260   -2.117911329538376e-01    3.730445247845331e-01   -1.235579440263074e-07    9.463553615007142e-06
261   -2.095394968274091e-01    3.712251926479586e-01   -1.223515941889958e-07    9.474395521861176e-06
262   -2.072976620820912e-01    3.694240684147412e-01   -1.211275031239874e-07    9.485150796215883e-06
263   -2.050655459160345e-01    3.676409024216019e-01   -1.198857441004916e-07    9.495820410337298e-06
264   -2.028430676082048e-01    3.658754493350376e-01   -1.186263919103029e-07    9.506405323534551e-06
265   -2.006301484639660e-01    3.641274680663266e-01   -1.173495228427034e-07    9.516906482345204e-06
266   -1.984267117615779e-01    3.623967216881773e-01   -1.160552146591284e-07    9.527324820717777e-06
267   -1.962326826996128e-01    3.606829773529998e-01   -1.147435465676078e-07    9.537661260191569e-06
268   -1.940479883452955e-01    3.589860062127713e-01   -1.134145991970076e-07    9.547916710073787e-06
269   -1.918725575837668e-01    3.573055833404776e-01   -1.120684545710832e-07    9.558092067614040e-06
270   -1.897063210682740e-01    3.556414876531018e-01   -1.107051960823693e-07    9.568188218176246e-06
271   -1.875492111712856e-01    3.539935018361379e-01   -1.093249084659168e-07    9.578206035407990e-06
272   -1.854011619365322e-01    3.523614122696047e-01   -1.079276777728977e-07    9.588146381407337e-06
273   -1.832621090319689e-01    3.507450089555362e-01   -1.065135913440938e-07    9.598010106887234e-06
274   -1.811319897036584e-01    3.491440854469235e-01   -1.050827377832852e-07    9.607798051337433e-06
275   -1.790107427305708e-01    3.475584387780833e-01   -1.036352069305531e-07    9.617511043184029e-06
276   -1.768983083802952e-01    3.459878693964319e-01   -1.021710898355148e-07    9.627149899946696e-06
277   -1.747946283656596e-01    3.444321810956358e-01   -1.006904787305041e-07    9.636715428393518e-06
278   -1.726996458022509e-01    3.428911809501190e-01   -9.919346700371229e-08    9.646208424693630e-06
279   -1.706133051668322e-01    3.413646792509012e-01   -9.768014917230426e-08    9.655629674567551e-06
280   -1.685355522566475e-01    3.398524894427443e-01   -9.615062085552277e-08    9.664979953435362e-06
281   -1.664663341496093e-01    3.383544280625814e-01   -9.460497874779709e-08    9.674260026562661e-06
282   -1.644055991653579e-01    3.368703146792074e-01   -9.304332059186446e-08    9.683470649204414e-06
283   -1.623532968271872e-01    3.353999718342082e-01   -9.146574515192172e-08    9.692612566746710e-06
284   -1.603093778248280e-01    3.339432249841017e-01   -8.987235218681822e-08    9.701686514846377e-06
285   -1.582737939780774e-01    3.324999024436733e-01   -8.826324242329984e-08    9.710693219568657e-06
286   -1.562464982012669e-01    3.310698353304797e-01   -8.663851752931905e-08    9.719633397522790e-06
287   -1.542274444685603e-01    3.296528575104990e-01   -8.499828008742060e-08    9.728507755995651e-06
288   -1.522165877800679e-01    3.282488055449074e-01   -8.334263356821373e-08    9.737316993083450e-06
289   -1.502138841287712e-01    3.268575186379580e-01   -8.167168230394273e-08    9.746061797821491e-06
290   -1.482192904682439e-01    3.254788385859426e-01   -7.998553146216430e-08    9.754742850312061e-06
291   -1.462327646811601e-01    3.241126097272132e-01   -7.828428701954343e-08    9.763360821850445e-06
292   -1.442542655485787e-01    3.227586788932442e-01   -7.656805573577632e-08    9.771916375049127e-06
293   -1.422837527199931e-01    3.214168953607132e-01   -7.483694512765018e-08    9.780410163960162e-06
294   -1.403211866841335e-01    3.200871108045814e-01   -7.309106344324738e-08    9.788842834195797e-06
295   -1.383665287405129e-01    3.187691792521528e-01   -7.133051963630529e-08    9.797215023047349e-06
296   -1.364197409717023e-01    3.174629570380909e-01   -6.955542334073707e-08    9.805527359602280e-06
297   -1.344807862163261e-01    3.161683027603785e-01   -6.776588484532267e-08    9.813780464859711e-06
298   -1.325496280427652e-01    3.148850772371952e-01   -6.596201506857828e-08    9.821974951844148e-06
299   -1.306262307235544e-01    3.136131434646982e-01   -6.414392553380973e-08    9.830111425717612e-06
300   -1.287105592104658e-01    3.123523665756852e-01   -6.231172834435938e-08    9.838190483890117e-06
301   -1.268025791102623e-01    3.111026137991248e-01   -6.046553615904962e-08    9.846212716128612e-06
302   -1.249022566611131e-01    3.098637544205310e-01   -5.860546216783304e-08    9.854178704664262e-06
303   -1.230095587096569e-01    3.086356597431699e-01   -5.673162006765271e-08    9.862089024298245e-06
304   -1.211244526887011e-01    3.074182030500769e-01   -5.484412403851920e-08    9.869944242505989e-06
305   -1.192469065955480e-01    3.062112595668707e-01   -5.294308871981115e-08    9.877744919539902e-06
306   -1.173768889709307e-01    3.050147064253446e-01   -5.102862918680082e-08    9.885491608530649e-06
307   -1.155143688785543e-01    3.038284226278211e-01   -4.910086092741530e-08    9.893184855586926e-06
308   -1.136593158852230e-01    3.026522890122516e-01   -4.715989981923202e-08    9.900825199893808e-06
309   -1.118117000415476e-01    3.014861882180473e-01   -4.520586210671729e-08    9.908413173809708e-06
310   -1.099714918632185e-01    3.003300046526248e-01   -4.323886437871023e-08    9.915949302961884e-06
311   -1.081386623128338e-01    2.991836244586504e-01   -4.125902354615625e-08    9.923434106340611e-06
312   -1.063131827822705e-01    2.980469354819704e-01   -3.926645682009371e-08    9.930868096391986e-06
313   -1.044950250755882e-01    2.969198272402093e-01   -3.726128168989734e-08    9.938251779109365e-06
314   -1.026841613924541e-01    2.958021908920273e-01   -3.524361590178170e-08    9.945585654123527e-06
315   -1.008805643120767e-01    2.946939192070146e-01   -3.321357743756699e-08    9.952870214791527e-06
316   -9.908420677763903e-02    2.935949065362174e-01   -3.117128449371068e-08    9.960105948284220e-06
317   -9.729506208121978e-02    2.925050487832758e-01   -2.911685546060811e-08    9.967293335672600e-06
318   -9.551310384919076e-02    2.914242433761635e-01   -2.705040890216173e-08    9.974432852012843e-06
319   -9.373830602808100e-02    2.903523892395155e-01   -2.497206353562386e-08    9.981524966430152e-06
320   -9.197064287089710e-02    2.892893867675297e-01   -2.288193821171484e-08    9.988570142201354e-06
321   -9.021008892388790e-02    2.882351377974331e-01   -2.078015189501548e-08    9.995568836836363e-06
322   -8.845661901374469e-02    2.871895455834966e-01   -1.866682364463795e-08    1.000252150215844e-05
323   -8.671020823522646e-02    2.861525147715895e-01   -1.654207259517643e-08    1.000942858438327e-05
324   -8.497083193919898e-02    2.851239513742599e-01   -1.440601793793617e-08    1.001629052419698e-05
325   -8.323846572107968e-02    2.841037627463306e-01   -1.225877890244557e-08    1.002310775683294e-05
326   -8.151308540967724e-02    2.830918575609985e-01   -1.010047473824936e-08    1.002988071214752e-05
327   -7.979466705641645e-02    2.820881457864281e-01   -7.931224696983936e-09    1.003660981469473e-05
328   -7.808318692493894e-02    2.810925386628255e-01   -5.751148014736346e-09    1.004329548379981e-05
329   -7.637862148107125e-02    2.801049486799849e-01   -3.560363894687185e-09    1.004993813363171e-05
330   -7.468094738314879e-02    2.791252895552963e-01   -1.358991490035188e-09    1.005653817327460e-05
331   -7.299014147269033e-02    2.781534762122038e-01    8.528501127913323e-10    1.006309600679829e-05
332   -7.130618076540989e-02    2.771894247591057e-01    3.075041910642561e-09    1.006961203332764e-05
333   -6.962904244256025e-02    2.762330524686856e-01    5.307464999870567e-09    1.007608664711102e-05
334   -6.795870384259883e-02    2.752842777576653e-01    7.550000592269182e-09    1.008252023758775e-05
335   -6.629514245316653e-02    2.743430201669714e-01    9.802530030732399e-09    1.008891318945452e-05
336   -6.463833590337197e-02    2.734092003423043e-01    1.206493480463055e-08    1.009526588273097e-05
337   -6.298826195637341e-02    2.724827400151030e-01    1.433709656490512e-08    1.010157869282423e-05
338   -6.134489850224938e-02    2.715635619838955e-01    1.661889713888316e-08    1.010785199059257e-05
339   -5.970822355115018e-02    2.706515900960265e-01    1.891021854481308e-08    1.011408614240808e-05
340   -5.807821522672414e-02    2.697467492297550e-01    2.121094300612069e-08    1.012028151021857e-05
341   -5.645485175980805e-02    2.688489652767127e-01    2.352095296539026e-08    1.012643845160845e-05
342   -5.483811148237817e-02    2.679581651247152e-01    2.584013109806654e-08    1.013255731985879e-05
343   -5.322797282175048e-02    2.670742766409197e-01    2.816836032588577e-08    1.013863846400652e-05
344   -5.162441429502648e-02    2.661972286553193e-01    3.050552383003074e-08    1.014468222890277e-05
345   -5.002741450377552e-02    2.653269509445684e-01    3.285150506401525e-08    1.015068895527032e-05
346   -4.843695212894712e-02    2.644633742161310e-01    3.520618776629911e-08    1.015665897976037e-05
347   -4.685300592600759e-02    2.636064300927452e-01    3.756945597263341e-08    1.016259263500829e-05
348   -4.527555472029261e-02    2.627560510971961e-01    3.994119402814057e-08    1.016849024968873e-05
349   -4.370457740257136e-02    2.619121706373920e-01    4.232128659912842e-08    1.017435214856984e-05
350   -4.214005292481374e-02    2.610747229917357e-01    4.470961868464267e-08    1.018017865256680e-05
351   -4.058196029615685e-02    2.602436432947843e-01    4.710607562775659e-08    1.018597007879445e-05
352   -3.903027857906249e-02    2.594188675231929e-01    4.951054312660373e-08    1.019172674061931e-05
353   -3.748498688566125e-02    2.586003324819346e-01    5.192290724515245e-08    1.019744894771071e-05
354   -3.594606437427676e-02    2.577879757907903e-01    5.434305442372646e-08    1.020313700609130e-05
355   -3.441349024612511e-02    2.569817358711040e-01    5.677087148927179e-08    1.020879121818679e-05
356   -3.288724374218266e-02    2.561815519327967e-01    5.920624566537499e-08    1.021441188287493e-05
357   -3.136730414021836e-02    2.553873639616330e-01    6.164906458203185e-08    1.021999929553383e-05
358   -2.985365075198463e-02    2.545991127067357e-01    6.409921628517064e-08    1.022555374808962e-05
359   -2.834626292056108e-02    2.538167396683429e-01    6.655658924593281e-08    1.023107552906332e-05
360   -2.684512001784704e-02    2.530401870858016e-01    6.902107236971223e-08    1.023656492361714e-05
361   -2.535020144219772e-02    2.522693979257927e-01    7.149255500495533e-08    1.024202221360006e-05
362   -2.386148661619892e-02    2.515043158707844e-01    7.397092695172604e-08    1.024744767759275e-05
363   -2.237895498457585e-02    2.507448853077046e-01    7.645607847003633e-08    1.025284159095187e-05
364   -2.090258601223155e-02    2.499910513168336e-01    7.894790028794656e-08    1.025820422585371e-05
365   -1.943235918241008e-02    2.492427596609063e-01    8.144628360943686e-08    1.026353585133722e-05
366   -1.796825399498088e-02    2.484999567744237e-01    8.395112012205281e-08    1.026883673334642e-05
367   -1.651024996483985e-02    2.477625897531667e-01    8.646230200432690e-08    1.027410713477217e-05
368   -1.505832662042186e-02    2.470306063439094e-01    8.897972193298134e-08    1.027934731549336e-05
369   -1.361246350232295e-02    2.463039549343266e-01    9.150327308991049e-08    1.028455753241753e-05
370   -1.217264016202636e-02    2.455825845430911e-01    9.403284916894931e-08    1.028973803952086e-05
371   -1.073883616072904e-02    2.448664448101582e-01    9.656834438242945e-08    1.029488908788763e-05
372   -9.311031068266269e-03    2.441554859872316e-01    9.910965346752325e-08    1.030001092574907e-05
373   -7.889204462128253e-03    2.434496589284079e-01    1.016566716923831e-07    1.030510379852168e-05
374   -6.473335926567775e-03    2.427489150809958e-01    1.042092948620743e-07    1.031016794884499e-05
375   -5.063405051794003e-03    2.420532064765054e-01    1.067674193243063e-07    1.031520361661877e-05
376   -3.659391433248863e-03    2.413624857218053e-01    1.093309419749659e-07    1.032021103903972e-05
377   -2.261274670964626e-03    2.406767059904424e-01    1.118997602634518e-07    1.032519045063763e-05
378   -8.690343689969528e-04    2.399958210141231e-01    1.144737721978180e-07    1.033014208331100e-05
379    5.173498650673435e-04    2.393197850743494e-01    1.170528763497237e-07    1.033506616636218e-05
380    1.897898420532308e-03    2.386485529942096e-01    1.196369718591969e-07    1.033996292653196e-05
381    3.272631683946929e-03    2.379820801303184e-01    1.222259584392112e-07    1.034483258803372e-05
382    4.641570039393768e-03    2.373203223649044e-01    1.248197363800800e-07    1.034967537258704e-05
383    6.004733868715653e-03    2.366632360980409e-01    1.274182065536712e-07    1.035449149945088e-05
384    7.362143551682479e-03    2.360107782400174e-01    1.300212704174433e-07    1.035928118545619e-05
385    8.713819466101261e-03    2.353629062038495e-01    1.326288300183084e-07    1.036404464503818e-05
386    1.005978198787062e-02    2.347195778979230e-01    1.352407879963211e-07    1.036878209026802e-05
387    1.140005149098430e-02    2.340807517187708e-01    1.378570475882003e-07    1.037349373088412e-05
388    1.273464834748371e-02    2.334463865439779e-01    1.404775126306825e-07    1.037817977432301e-05
389    1.406359292736402e-02    2.328164417252144e-01    1.431020875637131e-07    1.038284042574969e-05
390    1.538690559843368e-02    2.321908770813915e-01    1.457306774334739e-07    1.038747588808757e-05
391    1.670460672613184e-02    2.315696528919391e-01    1.483631878952546e-07    1.039208636204810e-05
392    1.801671667330373e-02    2.309527298902027e-01    1.509995252161659e-07    1.039667204615972e-05
393    1.932325579993785e-02    2.303400692569557e-01    1.536395962777015e-07    1.040123313679670e-05
394    2.062424446286501e-02    2.297316326140270e-01    1.562833085781472e-07    1.040576982820732e-05
395    2.191970301542321e-02    2.291273820180392e-01    1.589305702348441e-07    1.041028231254177e-05
396    2.320965180708761e-02    2.285272799542560e-01    1.615812899863026e-07    1.041477077987961e-05
397    2.449411118307101e-02    2.279312893305383e-01    1.642353771941792e-07    1.041923541825691e-05
398    2.577310148389181e-02    2.273393734714028e-01    1.668927418451056e-07    1.042367641369285e-05
399    2.704664304491608e-02    2.267514961121855e-01    1.695532945523863e-07    1.042809395021610e-05
400    2.831475619587127e-02    2.261676213933047e-01    1.722169465575567e-07    1.043248820989072e-05
401    2.957746126033592e-02    2.255877138546224e-01    1.748836097318098e-07    1.043685937284173e-05
402    3.083477855520503e-02    2.250117384299037e-01    1.775531965772926e-07    1.044120761728033e-05
403    3.208672839013358e-02    2.244396604413690e-01    1.802256202282729e-07    1.044553311952870e-05
404    3.333333106695963e-02    2.238714455943402e-01    1.829007944521827e-07    1.044983605404454e-05
405    3.457460687910759e-02    2.233070599719773e-01    1.855786336505373e-07    1.045411659344512e-05
406    3.581057611097341e-02    2.227464700301043e-01    1.882590528597325e-07    1.045837490853115e-05
407    3.704125903729347e-02    2.221896425921220e-01    1.909419677517256e-07    1.046261116831020e-05
408    3.826667592249750e-02    2.216365448440065e-01    1.936272946345990e-07    1.046682554001983e-05
409    3.948684702004697e-02    2.210871443293911e-01    1.963149504530092e-07    1.047101818915032e-05
410    4.070179257176070e-02    2.205414089447314e-01    1.990048527885264e-07    1.047518927946721e-05
411    4.191153280712819e-02    2.199993069345493e-01    2.016969198598637e-07    1.047933897303343e-05
412    4.311608794261133e-02    2.194608068867572e-01    2.043910705229986e-07    1.048346743023106e-05
413    4.431547818093664e-02    2.189258777280590e-01    2.070872242711913e-07    1.048757480978292e-05
414    4.550972371037853e-02    2.183944887194270e-01    2.097853012349001e-07    1.049166126877377e-05
415    4.669884470403344e-02    2.178666094516528e-01    2.124852221815952e-07    1.049572696267119e-05
416    4.788286131908803e-02    2.173422098409717e-01    2.151869085154766e-07    1.049977204534622e-05
417    4.906179369607997e-02    2.168212601247579e-01    2.178902822770937e-07    1.050379666909366e-05
418    5.023566195815377e-02    2.163037308572897e-01    2.205952661428722e-07    1.050780098465214e-05
419    5.140448621031164e-02    2.157895929055849e-01    2.233017834245493e-07    1.051178514122381e-05
420    5.256828653866073e-02    2.152788174453005e-01    2.260097580685186e-07    1.051574928649386e-05
421    5.372708300965656e-02    2.147713759567018e-01    2.287191146550872e-07    1.051969356664970e-05
422    5.488089566934471e-02    2.142672402206935e-01    2.314297783976473e-07    1.052361812639985e-05
423    5.602974454260042e-02    2.137663823149165e-01    2.341416751417648e-07    1.052752310899266e-05
424    5.717364963236679e-02    2.132687746099053e-01    2.368547313641846e-07    1.053140865623462e-05
425    5.831263091889279e-02    2.127743897653075e-01    2.395688741717571e-07    1.053527490850854e-05
426    5.944670835897137e-02    2.122832007261632e-01    2.422840313002864e-07    1.053912200479143e-05
427    6.057590188517838e-02    2.117951807192420e-01    2.450001311133031e-07    1.054295008267208e-05
428    6.170023140511227e-02    2.113103032494397e-01    2.477171026007621e-07    1.054675927836846e-05
429    6.281971680063601e-02    2.108285420962297e-01    2.504348753776680e-07    1.055054972674487e-05
430    6.393437792712126e-02    2.103498713101712e-01    2.531533796826315e-07    1.055432156132878e-05
431    6.504423461269480e-02    2.098742652094710e-01    2.558725463763545e-07    1.055807491432749e-05
432    6.614930665748905e-02    2.094016983765992e-01    2.585923069400507e-07    1.056180991664458e-05
433    6.724961383289535e-02    2.089321456549576e-01    2.613125934737997e-07    1.056552669789607e-05
434    6.834517588082241e-02    2.084655821455985e-01    2.640333386948381e-07    1.056922538642636e-05
435    6.943601251295770e-02    2.080019832039957e-01    2.667544759357877e-07    1.057290610932399e-05
436    7.052214341003529e-02    2.075413244368632e-01    2.694759391428250e-07    1.057656899243714e-05
437    7.160358822110784e-02    2.070835816990240e-01    2.721976628737915e-07    1.058021416038894e-05
438    7.268036656282485e-02    2.066287310903261e-01    2.749195822962471e-07    1.058384173659251e-05
439    7.375249801871619e-02    2.061767489526047e-01    2.776416331854679e-07    1.058745184326588e-05
440    7.482000213848246e-02    2.057276118666927e-01    2.803637519223911e-07    1.059104460144662e-05
441    7.588289843729089e-02    2.052812966494728e-01    2.830858754915065e-07    1.059462013100630e-05
442    7.694120639507944e-02    2.048377803509774e-01    2.858079414786988e-07    1.059817855066475e-05
443    7.799494545586642e-02    2.043970402515303e-01    2.885298880690392e-07    1.060171997800411e-05
444    7.904413502706840e-02    2.039590538589308e-01    2.912516540445303e-07    1.060524452948272e-05
445    8.008879447882523e-02    2.035237989056813e-01    2.939731787818050e-07    1.060875232044872e-05
446    8.112894314333256e-02    2.030912533462549e-01    2.966944022497789e-07    1.061224346515360e-05
447    8.216460031418289e-02    2.026613953544038e-01    2.994152650072614e-07    1.061571807676544e-05
448    8.319578524571411e-02    2.022342033205076e-01    3.021357082005234e-07    1.061917626738202e-05
449    8.422251715236646e-02    2.018096558489606e-01    3.048556735608245e-07    1.062261814804377e-05
450    8.524481520804847e-02    2.013877317555974e-01    3.075751034019015e-07    1.062604382874649e-05
451    8.626269854551023e-02    2.009684100651563e-01    3.102939406174174e-07    1.062945341845392e-05
452    8.727618625572721e-02    2.005516700087796e-01    3.130121286783763e-07    1.063284702511011e-05
453    8.828529738729102e-02    2.001374910215503e-01    3.157296116304990e-07    1.063622475565170e-05
454    8.929005094581062e-02    1.997258527400643e-01    3.184463340915689e-07    1.063958671601992e-05
455    9.029046589332206e-02    1.993167350000385e-01    3.211622412487408e-07    1.064293301117247e-05
456    9.128656114770672e-02    1.989101178339522e-01    3.238772788558197e-07    1.064626374509530e-05
457    9.227835558212066e-02    1.985059814687230e-01    3.265913932305106e-07    1.064957902081409e-05
458    9.326586802443104e-02    1.981043063234165e-01    3.293045312516347e-07    1.065287894040573e-05
459    9.424911725666389e-02    1.977050730069876e-01    3.320166403563215e-07    1.065616360500949e-05
460    9.522812201446015e-02    1.973082623160550e-01    3.347276685371718e-07    1.065943311483817e-05
461    9.620290098654205e-02    1.969138552327066e-01    3.374375643393939e-07    1.066268756918901e-05
462    9.717347281418830e-02    1.965218329223359e-01    3.401462768579159e-07    1.066592706645444e-05
463    9.813985609071971e-02    1.961321767315099e-01    3.428537557344750e-07    1.066915170413280e-05
464    9.910206936099389e-02    1.957448681858658e-01    3.455599511546808e-07    1.067236157883876e-05
465    1.000601311209100e-01    1.953598889880381e-01    3.482648138450598e-07    1.067555678631373e-05
466    1.010140598169229e-01    1.949772210156141e-01    3.509682950700774e-07    1.067873742143601e-05
467    1.019638738455674e-01    1.945968463191178e-01    3.536703466291408e-07    1.068190357823088e-05
468    1.029095915529918e-01    1.942187471200228e-01    3.563709208535820e-07    1.068505534988056e-05
469    1.038512312345017e-01    1.938429058087920e-01    3.590699706036236e-07    1.068819282873396e-05
470    1.047888111341127e-01    1.934693049429438e-01    3.617674492653271e-07    1.069131610631637e-05
471    1.057223494441141e-01    1.930979272451470e-01    3.644633107475261e-07    1.069442527333903e-05
472    1.066518643046408e-01    1.927287556013389e-01    3.671575094787415e-07    1.069752041970841e-05
473    1.075773738032559e-01    1.923617730588721e-01    3.698500004040862e-07    1.070060163453562e-05
474    1.084988959745428e-01    1.919969628246851e-01    3.725407389821524e-07    1.070366900614550e-05
475    1.094164487997067e-01    1.916343082634976e-01    3.752296811818899e-07    1.070672262208562e-05
476    1.103300502061858e-01    1.912737928960313e-01    3.779167834794684e-07    1.070976256913522e-05
477    1.112397180672719e-01    1.909154003972541e-01    3.806020028551328e-07    1.071278893331401e-05
478    1.121454702017407e-01    1.905591145946482e-01    3.832852967900453e-07    1.071580179989078e-05
479    1.130473243734919e-01    1.902049194665018e-01    3.859666232631191e-07    1.071880125339198e-05
480    1.139452982911974e-01    1.898527991402234e-01    3.886459407478432e-07    1.072178737761014e-05
481    1.148394096079609e-01    1.895027378906786e-01    3.913232082091000e-07    1.072476025561223e-05
482    1.157296759209851e-01    1.891547201385496e-01    3.939983850999730e-07    1.072771996974781e-05
483    1.166161147712485e-01    1.888087304487162e-01    3.966714313585515e-07    1.073066660165713e-05
484    1.174987436431924e-01    1.884647535286585e-01    3.993423074047265e-07    1.073360023227920e-05
485    1.183775799644155e-01    1.881227742268805e-01    4.020109741369826e-07    1.073652094185957e-05
486    1.192526411053787e-01    1.877827775313546e-01    4.046773929291848e-07    1.073942880995816e-05
487    1.201239443791187e-01    1.874447485679874e-01    4.073415256273625e-07    1.074232391545694e-05
488    1.209915070409698e-01    1.871086725991041e-01    4.100033345464889e-07    1.074520633656747e-05
489    1.218553462882955e-01    1.867745350219540e-01    4.126627824672583e-07    1.074807615083840e-05
490    1.227154792602282e-01    1.864423213672353e-01    4.153198326328601e-07    1.075093343516280e-05
491    1.235719230374179e-01    1.861120172976391e-01    4.179744487457550e-07    1.075377826578550e-05
492    1.244246946417898e-01    1.857836086064119e-01    4.206265949644450e-07    1.075661071831019e-05
493    1.252738110363092e-01    1.854570812159374e-01    4.232762359002474e-07    1.075943086770657e-05
494    1.261192891247567e-01    1.851324211763361e-01    4.259233366140671e-07    1.076223878831727e-05
495    1.269611457515101e-01    1.848096146640839e-01    4.285678626131695e-07    1.076503455386483e-05
496    1.277993977013357e-01    1.844886479806468e-01    4.312097798479550e-07    1.076781823745842e-05
497    1.286340616991868e-01    1.841695075511349e-01    4.338490547087360e-07    1.077058991160060e-05
498    1.294651544100118e-01    1.838521799229728e-01    4.364856540225150e-07    1.077334964819396e-05
499    1.302926924385684e-01    1.835366517645867e-01    4.391195450497659e-07    1.077609751854762e-05
500    1.311166923292475e-01    1.832229098641090e-01    4.417506954812190e-07    1.077883359338371e-05
501    1.319371705659034e-01    1.829109411280986e-01    4.443790734346484e-07    1.078155794284372e-05
502    1.327541435716933e-01    1.826007325802784e-01    4.470046474516656e-07    1.078427063649484e-05
503    1.335676277089231e-01    1.822922713602871e-01    4.496273864945154e-07    1.078697174333609e-05
504    1.343776392789014e-01    1.819855447224489e-01    4.522472599428784e-07    1.078966133180447e-05
505    1.351841945218014e-01    1.816805400345571e-01    4.548642375906782e-07    1.079233946978105e-05
506    1.359873096165287e-01    1.813772447766730e-01    4.574782896428951e-07    1.079500622459685e-05
507    1.367870006805983e-01    1.810756465399412e-01    4.600893867123845e-07    1.079766166303882e-05
508    1.375832837700176e-01    1.807757330254181e-01    4.626974998167045e-07    1.080030585135558e-05
509    1.383761748791762e-01    1.804774920429160e-01    4.653026003749467e-07    1.080293885526317e-05
510    1.391656899407439e-01    1.801809115098613e-01    4.679046602045790e-07    1.080556073995074e-05
511    1.399518448255748e-01    1.798859794501663e-01    4.705036515182920e-07    1.080817157008613e-05
512    1.407346553426182e-01    1.795926839931162e-01    4.730995469208560e-07    1.081077140982135e-05
513    1.415141372388364e-01    1.793010133722686e-01    4.756923194059843e-07    1.081336032279808e-05
514    1.422903061991291e-01    1.790109559243675e-01    4.782819423532076e-07    1.081593837215300e-05
515    1.430631778462645e-01    1.787225000882696e-01    4.808683895247558e-07    1.081850562052314e-05
516    1.438327677408167e-01    1.784356344038852e-01    4.834516350624490e-07    1.082106213005106e-05
517    1.445990913811088e-01    1.781503475111303e-01    4.860316534845987e-07    1.082360796239008e-05
518    1.453621642031636e-01    1.778666281488932e-01    4.886084196829195e-07    1.082614317870937e-05
519    1.461220015806596e-01    1.775844651540125e-01    4.911819089194501e-07    1.082866783969896e-05
520    1.468786188248922e-01    1.773038474602681e-01    4.937520968234826e-07    1.083118200557474e-05
521    1.476320311847433e-01    1.770247640973836e-01    4.963189593885092e-07    1.083368573608340e-05
522    1.483822538466539e-01    1.767472041900426e-01    4.988824729691717e-07    1.083617909050721e-05
523    1.491293019346048e-01    1.764711569569146e-01    5.014426142782272e-07    1.083866212766889e-05
524    1.498731905101016e-01    1.761966117096941e-01    5.039993603835246e-07    1.084113490593628e-05
525    1.506139345721658e-01    1.759235578521507e-01    5.065526887049915e-07    1.084359748322702e-05
526    1.513515490573311e-01    1.756519848791911e-01    5.091025770116341e-07    1.084604991701319e-05
527    1.520860488396461e-01    1.753818823759314e-01    5.116490034185481e-07    1.084849226432583e-05
528    1.528174487306803e-01    1.751132400167812e-01    5.141919463839436e-07    1.085092458175945e-05
529    1.535457634795379e-01    1.748460475645386e-01    5.167313847061814e-07    1.085334692547646e-05
530    1.542710077728746e-01    1.745802948694954e-01    5.192672975208211e-07    1.085575935121156e-05
531    1.549931962349202e-01    1.743159718685539e-01    5.217996642976841e-07    1.085816191427604e-05
532    1.557123434275070e-01    1.740530685843524e-01    5.243284648379290e-07    1.086055466956212e-05
533    1.564284638501012e-01    1.737915751244032e-01    5.268536792711390e-07    1.086293767154710e-05
534    1.571415719398413e-01    1.735314816802394e-01    5.293752880524247e-07    1.086531097429757e-05
535    1.578516820715792e-01    1.732727785265717e-01    5.318932719595382e-07    1.086767463147349e-05
536    1.585588085579274e-01    1.730154560204556e-01    5.344076120900038e-07    1.087002869633230e-05
537    1.592629656493096e-01    1.727595046004685e-01    5.369182898582593e-07    1.087237322173291e-05
538    1.599641675340169e-01    1.725049147858954e-01    5.394252869928147e-07    1.087470826013966e-05
539    1.606624283382671e-01    1.722516771759252e-01    5.419285855334215e-07    1.087703386362625e-05
540    1.613577621262695e-01    1.719997824488561e-01    5.444281678282603e-07    1.087935008387959e-05
541    1.620501829002928e-01    1.717492213613096e-01    5.469240165311381e-07    1.088165697220366e-05
542    1.627397046007377e-01    1.714999847474541e-01    5.494161145987043e-07    1.088395457952321e-05
543    1.634263411062140e-01    1.712520635182378e-01    5.519044452876797e-07    1.088624295638757e-05
544    1.641101062336207e-01    1.710054486606297e-01    5.543889921520998e-07    1.088852215297429e-05
545    1.647910137382301e-01    1.707601312368701e-01    5.568697390405730e-07    1.089079221909277e-05
546    1.654690773137765e-01    1.705161023837289e-01    5.593466700935548e-07    1.089305320418787e-05
547    1.661443105925478e-01    1.702733533117731e-01    5.618197697406351e-07    1.089530515734345e-05
548    1.668167271454816e-01    1.700318753046425e-01    5.642890226978444e-07    1.089754812728588e-05
549    1.674863404822634e-01    1.697916597183335e-01    5.667544139649691e-07    1.089978216238749e-05
550    1.681531640514301e-01    1.695526979804911e-01    5.692159288228892e-07    1.090200731067003e-05
551    1.688172112404755e-01    1.693149815897094e-01    5.716735528309253e-07    1.090422361980800e-05
552    1.694784953759600e-01    1.690785021148390e-01    5.741272718242041e-07    1.090643113713199e-05
553    1.701370297236230e-01    1.688432511943039e-01    5.765770719110392e-07    1.090862990963206e-05
554    1.707928274884991e-01    1.686092205354244e-01    5.790229394703277e-07    1.091081998396089e-05
555    1.714459018150367e-01    1.683764019137486e-01    5.814648611489595e-07    1.091300140643706e-05
556    1.720962657872202e-01    1.681447871723915e-01    5.839028238592465e-07    1.091517422304823e-05
557    1.727439324286954e-01    1.679143682213812e-01    5.863368147763649e-07    1.091733847945426e-05
558    1.733889147028970e-01    1.676851370370124e-01    5.887668213358138e-07    1.091949422099035e-05
559    1.740312255131797e-01    1.674570856612075e-01    5.911928312308894e-07    1.092164149267008e-05
560    1.746708777029518e-01    1.672302062008846e-01    5.936148324101755e-07    1.092378033918845e-05
561    1.753078840558112e-01    1.670044908273323e-01    5.960328130750497e-07    1.092591080492488e-05
562    1.759422572956854e-01    1.667799317755924e-01    5.984467616772046e-07    1.092803293394618e-05
563    1.765740100869715e-01    1.665565213438483e-01    6.008566669161868e-07    1.093014677000945e-05
564    1.772031550346821e-01    1.663342518928210e-01    6.032625177369498e-07    1.093225235656501e-05
565    1.778297046845908e-01    1.661131158451716e-01    6.056643033274244e-07    1.093434973675923e-05
566    1.784536715233814e-01    1.658931056849101e-01    6.080620131161038e-07    1.093643895343735e-05
567    1.790750679787995e-01    1.656742139568114e-01    6.104556367696458e-07    1.093852004914628e-05
568    1.796939064198060e-01    1.654564332658369e-01    6.128451641904899e-07    1.094059306613738e-05
569    1.803101991567332e-01    1.652397562765631e-01    6.152305855144919e-07    1.094265804636916e-05
570    1.809239584414425e-01    1.650241757126168e-01    6.176118911085724e-07    1.094471503150998e-05
571    1.815351964674849e-01    1.648096843561150e-01    6.199890715683832e-07    1.094676406294071e-05
572    1.821439253702632e-01    1.645962750471125e-01    6.223621177159889e-07    1.094880518175736e-05
573    1.827501572271960e-01    1.643839406830551e-01    6.247310205975643e-07    1.095083842877371e-05
574    1.833539040578840e-01    1.641726742182386e-01    6.270957714811085e-07    1.095286384452386e-05
575    1.839551778242783e-01    1.639624686632732e-01    6.294563618541729e-07    1.095488146926474e-05
576    1.845539904308499e-01    1.637533170845549e-01    6.318127834216094e-07    1.095689134297869e-05
577    1.851503537247621e-01    1.635452126037419e-01    6.341650281033297e-07    1.095889350537590e-05
578    1.857442794960428e-01    1.633381483972362e-01    6.365130880320834e-07    1.096088799589686e-05
579    1.863357794777607e-01    1.631321176956725e-01    6.388569555512511e-07    1.096287485371481e-05
580    1.869248653462017e-01    1.629271137834103e-01    6.411966232126552e-07    1.096485411773816e-05
581    1.875115487210469e-01    1.627231299980336e-01    6.435320837743814e-07    1.096682582661277e-05
582    1.880958411655529e-01    1.625201597298547e-01    6.458633301986234e-07    1.096879001872443e-05
583    1.886777541867332e-01    1.623181964214238e-01    6.481903556495385e-07    1.097074673220106e-05
584    1.892572992355402e-01    1.621172335670436e-01    6.505131534911171e-07    1.097269600491507e-05
585    1.898344877070507e-01    1.619172647122899e-01    6.528317172850764e-07    1.097463787448559e-05
586    1.904093309406501e-01    1.617182834535359e-01    6.551460407887589e-07    1.097657237828075e-05
587    1.909818402202205e-01    1.615202834374830e-01    6.574561179530560e-07    1.097849955341985e-05
588    1.915520267743274e-01    1.613232583606957e-01    6.597619429203401e-07    1.098041943677559e-05
589    1.921199017764106e-01    1.611272019691421e-01    6.620635100224184e-07    1.098233206497622e-05
590    1.926854763449732e-01    1.609321080577386e-01    6.643608137784972e-07    1.098423747440767e-05
591    1.932487615437742e-01    1.607379704698998e-01    6.666538488931646e-07    1.098613570121567e-05
592    1.938097683820206e-01    1.605447830970935e-01    6.689426102543868e-07    1.098802678130789e-05
593    1.943685078145617e-01    1.603525398783998e-01    6.712270929315235e-07    1.098991075035595e-05
594    1.949249907420834e-01    1.601612348000750e-01    6.735072921733524e-07    1.099178764379749e-05
595    1.954792280113041e-01    1.599708618951206e-01    6.757832034061161e-07    1.099365749683821e-05
596    1.960312304151711e-01    1.597814152428561e-01    6.780548222315778e-07    1.099552034445387e-05
597    1.965810086930587e-01    1.595928889684968e-01    6.803221444250985e-07    1.099737622139223e-05
598    1.971285735309659e-01    1.594052772427359e-01    6.825851659337227e-07    1.099922516217507e-05
599    1.976739355617161e-01    1.592185742813310e-01    6.848438828742853e-07    1.100106720110009e-05
600    1.982171053651569e-01    1.590327743446947e-01    6.870982915315302e-07    1.100290237224285e-05
601    1.987580934683607e-01    1.588478717374900e-01    6.893483883562435e-07    1.100473070945862e-05
602    1.992969103458263e-01    1.586638608082293e-01    6.915941699634040e-07    1.100655224638432e-05
603    1.998335664196809e-01    1.584807359488780e-01    6.938356331303474e-07    1.100836701644032e-05
604    2.003680720598832e-01    1.582984915944622e-01    6.960727747949444e-07    1.101017505283231e-05
605    2.009004375844260e-01    1.581171222226800e-01    6.983055920537946e-07    1.101197638855308e-05
606    2.014306732595408e-01    1.579366223535177e-01    7.005340821604357e-07    1.101377105638435e-05
607    2.019587892999021e-01    1.577569865488692e-01    7.027582425235661e-07    1.101555908889852e-05
608    2.024847958688321e-01    1.575782094121596e-01    7.049780707052820e-07    1.101734051846044e-05
609    2.030087030785065e-01    1.574002855879729e-01    7.071935644193304e-07    1.101911537722915e-05
610    2.035305209901601e-01    1.572232097616827e-01    7.094047215293752e-07    1.102088369715956e-05
611    2.040502596142934e-01    1.570469766590887e-01    7.116115400472783e-07    1.102264551000424e-05
612    2.045679289108794e-01    1.568715810460541e-01    7.138140181313955e-07    1.102440084731498e-05
613    2.050835387895701e-01    1.566970177281489e-01    7.160121540848849e-07    1.102614974044456e-05
614    2.055970991099045e-01    1.565232815502962e-01    7.182059463540315e-07    1.102789222054834e-05
615    2.061086196815162e-01    1.563503673964221e-01    7.203953935265847e-07    1.102962831858592e-05
616    2.066181102643411e-01    1.561782701891088e-01    7.225804943301103e-07    1.103135806532271e-05
617    2.071255805688260e-01    1.560069848892520e-01    7.247612476303556e-07    1.103308149133156e-05
618    2.076310402561368e-01    1.558365064957211e-01    7.269376524296305e-07    1.103479862699433e-05
619    2.081344989383674e-01    1.556668300450232e-01    7.291097078652000e-07    1.103650950250347e-05
620    2.086359661787487e-01    1.554979506109707e-01    7.312774132076917e-07    1.103821414786351e-05
621    2.091354514918567e-01    1.553298633043518e-01    7.334407678595163e-07    1.103991259289264e-05
622    2.096329643438231e-01    1.551625632726046e-01    7.355997713533043e-07    1.104160486722421e-05
623    2.101285141525432e-01    1.549960456994947e-01    7.377544233503505e-07    1.104329100030824e-05
624    2.106221102878860e-01    1.548303058047953e-01    7.399047236390789e-07    1.104497102141284e-05
625    2.111137620719032e-01    1.546653388439716e-01    7.420506721335161e-07    1.104664495962576e-05
626    2.116034787790391e-01    1.545011401078679e-01    7.441922688717800e-07    1.104831284385579e-05
627    2.120912696363392e-01    1.543377049223969e-01    7.463295140145791e-07    1.104997470283422e-05
628    2.125771438236604e-01    1.541750286482343e-01    7.484624078437320e-07    1.105163056511621e-05
629    2.130611104738803e-01    1.540131066805141e-01    7.505909507606903e-07    1.105328045908229e-05
630    2.135431786731060e-01    1.538519344485286e-01    7.527151432850817e-07    1.105492441293967e-05
631    2.140233574608838e-01    1.536915074154305e-01    7.548349860532630e-07    1.105656245472365e-05
632    2.145016558304087e-01    1.535318210779388e-01    7.569504798168872e-07    1.105819461229897e-05
633    2.149780827287327e-01    1.533728709660466e-01    7.590616254414816e-07    1.105982091336118e-05
634    2.154526470569745e-01    1.532146526427325e-01    7.611684239050407e-07    1.106144138543798e-05
635    2.159253576705278e-01    1.530571617036750e-01    7.632708762966304e-07    1.106305605589051e-05
636    2.163962233792703e-01    1.529003937769693e-01    7.653689838150063e-07    1.106466495191467e-05
637    2.168652529477723e-01    1.527443445228466e-01    7.674627477672405e-07    1.106626810054244e-05
638    2.173324550955044e-01    1.525890096333978e-01    7.695521695673668e-07    1.106786552864316e-05
639    2.177978384970460e-01    1.524343848322976e-01    7.716372507350322e-07    1.106945726292474e-05
640    2.182614117822934e-01    1.522804658745329e-01    7.737179928941658e-07    1.107104332993502e-05
641    2.187231835366666e-01    1.521272485461342e-01    7.757943977716558e-07    1.107262375606292e-05
642    2.191831623013175e-01    1.519747286639079e-01    7.778664671960401e-07    1.107419856753971e-05
643    2.196413565733367e-01    1.518229020751729e-01    7.799342030962109e-07    1.107576779044027e-05
644    2.200977748059598e-01    1.516717646574991e-01    7.819976075001268e-07    1.107733145068421e-05
645    2.205524254087745e-01    1.515213123184483e-01    7.840566825335415e-07    1.107888957403715e-05
646    2.210053167479263e-01    1.513715409953181e-01    7.861114304187399e-07    1.108044218611184e-05
647    2.214564571463251e-01    1.512224466548884e-01    7.881618534732903e-07    1.108198931236939e-05
648    2.219058548838493e-01    1.510740252931694e-01    7.902079541088041e-07    1.108353097812038e-05
649    2.223535181975524e-01    1.509262729351529e-01    7.922497348297089e-07    1.108506720852603e-05
650    2.227994552818668e-01    1.507791856345666e-01    7.942871982320348e-07    1.108659802859935e-05
651    2.232436742888085e-01    1.506327594736289e-01    7.963203470022079e-07    1.108812346320625e-05
652    2.236861833281808e-01    1.504869905628084e-01    7.983491839158577e-07    1.108964353706667e-05
653    2.241269904677783e-01    1.503418750405834e-01    8.003737118366382e-07    1.109115827475565e-05
654    2.245661037335895e-01    1.501974090732060e-01    8.023939337150529e-07    1.109266770070448e-05
655    2.250035311100003e-01    1.500535888544669e-01    8.044098525872994e-07    1.109417183920175e-05
656    2.254392805399950e-01    1.499104106054626e-01    8.064214715741184e-07    1.109567071439441e-05
657    2.258733599253594e-01    1.497678705743661e-01    8.084287938796561e-07    1.109716435028886e-05
658    2.263057771268814e-01    1.496259650361981e-01    8.104318227903392e-07    1.109865277075199e-05
659    2.267365399645518e-01    1.494846902926020e-01    8.124305616737565e-07    1.110013599951223e-05
660    2.271656562177653e-01    1.493440426716196e-01    8.144250139775560e-07    1.110161406016058e-05
661    2.275931336255197e-01    1.492040185274703e-01    8.164151832283473e-07    1.110308697615161e-05
662    2.280189798866155e-01    1.490646142403313e-01    8.184010730306191e-07    1.110455477080452e-05
663    2.284432026598550e-01    1.489258262161208e-01    8.203826870656656e-07    1.110601746730410e-05
664    2.288658095642405e-01    1.487876508862824e-01    8.223600290905213e-07    1.110747508870174e-05
665    2.292868081791718e-01    1.486500847075726e-01    8.243331029369089e-07    1.110892765791641e-05
666    2.297062060446438e-01    1.485131241618495e-01    8.263019125101958e-07    1.111037519773565e-05
667    2.301240106614434e-01    1.483767657558638e-01    8.282664617883618e-07    1.111181773081652e-05
668    2.305402294913453e-01    1.482410060210518e-01    8.302267548209760e-07    1.111325527968653e-05
669    2.309548699573074e-01    1.481058415133302e-01    8.321827957281825e-07    1.111468786674467e-05
670    2.313679394436665e-01    1.479712688128935e-01    8.341345886996994e-07    1.111611551426227e-05
671    2.317794452963324e-01    1.478372845240122e-01    8.360821379938253e-07    1.111753824438394e-05
672    2.321893948229814e-01    1.477038852748340e-01    8.380254479364535e-07    1.111895607912853e-05
673    2.325977952932503e-01    1.475710677171864e-01    8.399645229201015e-07    1.112036904039002e-05
674    2.330046539389284e-01    1.474388285263808e-01    8.418993674029452e-07    1.112177714993842e-05
675    2.334099779541502e-01    1.473071644010194e-01    8.438299859078640e-07    1.112318042942064e-05
676    2.338137744955862e-01    1.471760720628030e-01    8.457563830214966e-07    1.112457890036146e-05
677    2.342160506826343e-01    1.470455482563413e-01    8.476785633933034e-07    1.112597258416431e-05
678    2.346168135976096e-01    1.469155897489642e-01    8.495965317346425e-07    1.112736150211221e-05
679    2.350160702859344e-01    1.467861933305361e-01    8.515102928178508e-07    1.112874567536863e-05
680    2.354138277563265e-01    1.466573558132701e-01    8.534198514753357e-07    1.113012512497827e-05
681    2.358100929809882e-01    1.465290740315464e-01    8.553252125986767e-07    1.113149987186800e-05
682    2.362048728957936e-01    1.464013448417297e-01    8.572263811377360e-07    1.113286993684767e-05
683    2.365981744004758e-01    1.462741651219907e-01    8.591233620997757e-07    1.113423534061091e-05
684    2.369900043588131e-01    1.461475317721277e-01    8.610161605485867e-07    1.113559610373600e-05
685    2.373803695988145e-01    1.460214417133903e-01    8.629047816036253e-07    1.113695224668663e-05
686    2.377692769129053e-01    1.458958918883054e-01    8.647892304391587e-07    1.113830378981280e-05
687    2.381567330581110e-01    1.457708792605036e-01    8.666695122834189e-07    1.113965075335152e-05
688    2.385427447562413e-01    1.456464008145480e-01    8.685456324177637e-07    1.114099315742766e-05
689    2.389273186940728e-01    1.455224535557651e-01    8.704175961758500e-07    1.114233102205476e-05
690    2.393104615235315e-01    1.453990345100757e-01    8.722854089428130e-07    1.114366436713574e-05
691    2.396921798618747e-01    1.452761407238290e-01    8.741490761544526e-07    1.114499321246375e-05
692    2.400724802918714e-01    1.451537692636372e-01    8.760086032964305e-07    1.114631757772287e-05
693    2.404513693619831e-01    1.450319172162117e-01    8.778639959034763e-07    1.114763748248892e-05
694    2.408288535865432e-01    1.449105816882021e-01    8.797152595585964e-07    1.114895294623020e-05
695    2.412049394459357e-01    1.447897598060342e-01    8.815623998922992e-07    1.115026398830821e-05
696    2.415796333867739e-01    1.446694487157525e-01    8.834054225818195e-07    1.115157062797843e-05
697    2.419529418220773e-01    1.445496455828613e-01    8.852443333503593e-07    1.115287288439102e-05
698    2.423248711314489e-01    1.444303475921694e-01    8.870791379663299e-07    1.115417077659158e-05
699    2.426954276612508e-01    1.443115519476350e-01    8.889098422426048e-07    1.115546432352183e-05
700    2.430646177247798e-01    1.441932558722124e-01    8.907364520357805e-07    1.115675354402035e-05
701    2.434324476024423e-01    1.440754566077005e-01    8.925589732454445e-07    1.115803845682330e-05
702    2.437989235419277e-01    1.439581514145920e-01    8.943774118134510e-07    1.115931908056510e-05
703    2.441640517583822e-01    1.438413375719243e-01    8.961917737232041e-07    1.116059543377913e-05
704    2.445278384345810e-01    1.437250123771318e-01    8.980020649989467e-07    1.116186753489841e-05
705    2.448902897210998e-01    1.436091731458995e-01    8.998082917050619e-07    1.116313540225630e-05
706    2.452514117364868e-01    1.434938172120181e-01    9.016104599453763e-07    1.116439905408719e-05
707    2.456112105674320e-01    1.433789419272398e-01    9.034085758624742e-07    1.116565850852713e-05
708    2.459696922689374e-01    1.432645446611365e-01    9.052026456370157e-07    1.116691378361454e-05
709    2.463268628644859e-01    1.431506228009580e-01    9.069926754870672e-07    1.116816489729084e-05
710    2.466827283462094e-01    1.430371737514926e-01    9.087786716674334e-07    1.116941186740111e-05
711    2.470372946750561e-01    1.429241949349283e-01    9.105606404689987e-07    1.117065471169476e-05
712    2.473905677809574e-01    1.428116837907155e-01    9.123385882180784e-07    1.117189344782615e-05
713    2.477425535629937e-01    1.426996377754307e-01    9.141125212757711e-07    1.117312809335523e-05
714    2.480932578895602e-01    1.425880543626423e-01    9.158824460373230e-07    1.117435866574819e-05
715    2.484426865985307e-01    1.424769310427759e-01    9.176483689314969e-07    1.117558518237807e-05
716    2.487908454974219e-01    1.423662653229827e-01    9.194102964199473e-07    1.117680766052538e-05
717    2.491377403635562e-01    1.422560547270080e-01    9.211682349966046e-07    1.117802611737874e-05
718    2.494833769442244e-01    1.421462967950607e-01    9.229221911870636e-07    1.117924057003547e-05
719    2.498277609568470e-01    1.420369890836852e-01    9.246721715479789e-07    1.118045103550220e-05
720    2.501708980891348e-01    1.419281291656328e-01    9.264181826664681e-07    1.118165753069545e-05
721    2.505127939992502e-01    1.418197146297356e-01    9.281602311595220e-07    1.118286007244231e-05
722    2.508534543159650e-01    1.417117430807809e-01    9.298983236734159e-07    1.118405867748090e-05
723    2.511928846388203e-01    1.416042121393868e-01    9.316324668831377e-07    1.118525336246107e-05
724    2.515310905382844e-01    1.414971194418789e-01    9.333626674918102e-07    1.118644414394493e-05
725    2.518680775559090e-01    1.413904626401682e-01    9.350889322301284e-07    1.118763103840743e-05
726    2.522038512044867e-01    1.412842394016304e-01    9.368112678557983e-07    1.118881406223694e-05
727    2.525384169682067e-01    1.411784474089851e-01    9.385296811529865e-07    1.118999323173579e-05
728    2.528717803028092e-01    1.410730843601773e-01    9.402441789317686e-07    1.119116856312090e-05
729    2.532039466357400e-01    1.409681479682601e-01    9.419547680275924e-07    1.119234007252426e-05
730    2.535349213663047e-01    1.408636359612769e-01    9.436614553007395e-07    1.119350777599351e-05
731    2.538647098658202e-01    1.407595460821463e-01    9.453642476357969e-07    1.119467168949253e-05
732    2.541933174777681e-01    1.406558760885468e-01    9.470631519411334e-07    1.119583182890191e-05
733    2.545207495179455e-01    1.405526237528038e-01    9.487581751483834e-07    1.119698821001956e-05
734    2.548470112746155e-01    1.404497868617760e-01    9.504493242119323e-07    1.119814084856118e-05
735    2.551721080086574e-01    1.403473632167443e-01    9.521366061084122e-07    1.119928976016085e-05
736    2.554960449537163e-01    1.402453506333009e-01    9.538200278362011e-07    1.120043496037153e-05
737    2.558188273163503e-01    1.401437469412391e-01    9.554995964149267e-07    1.120157646466556e-05
738    2.561404602761797e-01    1.400425499844450e-01    9.571753188849789e-07    1.120271428843523e-05
739    2.564609489860335e-01    1.399417576207894e-01    9.588472023070253e-07    1.120384844699323e-05
740    2.567802985720952e-01    1.398413677220208e-01    9.605152537615310e-07    1.120497895557324e-05
741    2.570985141340492e-01    1.397413781736597e-01    9.621794803482883e-07    1.120610582933035e-05
742    2.574156007452249e-01    1.396417868748930e-01    9.638398891859461e-07    1.120722908334161e-05
743    2.577315634527419e-01    1.395425917384706e-01    9.654964874115506e-07    1.120834873260653e-05
744    2.580464072776523e-01    1.394437906906014e-01    9.671492821800852e-07    1.120946479204755e-05
745    2.583601372150841e-01    1.393453816708518e-01    9.687982806640209e-07    1.121057727651057e-05
746    2.586727582343832e-01    1.392473626320433e-01    9.704434900528685e-07    1.121168620076535e-05
747    2.589842752792543e-01    1.391497315401528e-01    9.720849175527347e-07    1.121279157950610e-05
748    2.592946932679021e-01    1.390524863742124e-01    9.737225703858911e-07    1.121389342735190e-05
749    2.596040170931705e-01    1.389556251262107e-01    9.753564557903352e-07    1.121499175884715e-05
750    2.599122516226824e-01    1.388591458009950e-01    9.769865810193713e-07    1.121608658846212e-05
751    2.602194016989779e-01    1.387630464161739e-01    9.786129533411816e-07    1.121717793059332e-05
752    2.605254721396519e-01    1.386673250020214e-01    9.802355800384151e-07    1.121826579956406e-05
753    2.608304677374916e-01    1.385719796013812e-01    9.818544684077715e-07    1.121935020962480e-05
754    2.611343932606124e-01    1.384770082695720e-01    9.834696257595974e-07    1.122043117495373e-05
755    2.614372534525940e-01    1.383824090742940e-01    9.850810594174796e-07    1.122150870965712e-05
756    2.617390530326149e-01    1.382881800955356e-01    9.866887767178509e-07    1.122258282776983e-05
757    2.620397966955871e-01    1.381943194254814e-01    9.882927850095945e-07    1.122365354325570e-05
758    2.623394891122898e-01    1.381008251684209e-01    9.898930916536571e-07    1.122472087000807e-05
759    2.626381349295017e-01    1.380076954406576e-01    9.914897040226633e-07    1.122578482185014e-05
760    2.629357387701337e-01    1.379149283704194e-01    9.930826295005377e-07    1.122684541253545e-05
761    2.632323052333601e-01    1.378225220977694e-01    9.946718754821275e-07    1.122790265574829e-05
762    2.635278388947498e-01    1.377304747745175e-01    9.962574493728341e-07    1.122895656510417e-05
763    2.638223443063963e-01    1.376387845641335e-01    9.978393585882449e-07    1.123000715415017e-05
764    2.641158259970471e-01    1.375474496416591e-01    9.994176105537728e-07    1.123105443636543e-05
765    2.644082884722325e-01    1.374564681936231e-01    1.000992212704298e-06    1.123209842516153e-05
766    2.646997362143936e-01    1.373658384179552e-01    1.002563172483815e-06    1.123313913388294e-05
767    2.649901736830105e-01    1.372755585239019e-01    1.004130497345082e-06    1.123417657580739e-05
768    2.652796053147276e-01    1.371856267319423e-01    1.005694194749278e-06    1.123521076414630e-05
769    2.655680355234813e-01    1.370960412737051e-01    1.007254272165659e-06    1.123624171204521e-05
770    2.658554687006245e-01    1.370068003918865e-01    1.008810737071224e-06    1.123726943258412e-05
771    2.661419092150516e-01    1.369179023401673e-01    1.010363596950383e-06    1.123829393877795e-05
772    2.664273614133225e-01    1.368293453831332e-01    1.011912859294624e-06    1.123931524357691e-05
773    2.667118296197864e-01    1.367411277961937e-01    1.013458531602192e-06    1.124033335986692e-05
774    2.669953181367041e-01    1.366532478655022e-01    1.015000621377767e-06    1.124134830046993e-05
775    2.672778312443704e-01    1.365657038878777e-01    1.016539136132146e-06    1.124236007814441e-05
776    2.675593732012358e-01    1.364784941707256e-01    1.018074083381933e-06    1.124336870558565e-05
777    2.678399482440268e-01    1.363916170319609e-01    1.019605470649227e-06    1.124437419542616e-05
778    2.681195605878667e-01    1.363050707999301e-01    1.021133305461317e-06    1.124537656023611e-05
779    2.683982144263942e-01    1.362188538133359e-01    1.022657595350381e-06    1.124637581252362e-05
780    2.686759139318836e-01    1.361329644211604e-01    1.024178347853188e-06    1.124737196473518e-05
781    2.689526632553618e-01    1.360474009825909e-01    1.025695570510803e-06    1.124836502925602e-05
782    2.692284665267266e-01    1.359621618669448e-01    1.027209270868297e-06    1.124935501841047e-05
783    2.695033278548638e-01    1.358772454535959e-01    1.028719456474461e-06    1.125034194446232e-05
784    2.697772513277628e-01    1.357926501319013e-01    1.030226134881519e-06    1.125132581961519e-05
785    2.700502410126328e-01    1.357083743011285e-01    1.031729313644852e-06    1.125230665601289e-05
786    2.703223009560183e-01    1.356244163703836e-01    1.033229000322720e-06    1.125328446573978e-05
787    2.705934351839124e-01    1.355407747585397e-01    1.034725202475987e-06    1.125425926082113e-05
788    2.708636477018716e-01    1.354574478941659e-01    1.036217927667855e-06    1.125523105322341e-05
789    2.711329424951289e-01    1.353744342154579e-01    1.037707183463596e-06    1.125619985485477e-05
790    2.714013235287059e-01    1.352917321701672e-01    1.039192977430287e-06    1.125716567756523e-05
791    2.716687947475248e-01    1.352093402155325e-01    1.040675317136557e-06    1.125812853314718e-05
792    2.719353600765207e-01    1.351272568182116e-01    1.042154210152324e-06    1.125908843333557e-05
793    2.722010234207508e-01    1.350454804542128e-01    1.043629664048543e-06    1.126004538980837e-05
794    2.724657886655059e-01    1.349640096088280e-01    1.045101686396961e-06    1.126099941418686e-05
795    2.727296596764190e-01    1.348828427765652e-01    1.046570284769866e-06    1.126195051803594e-05
796    2.729926402995751e-01    1.348019784610833e-01    1.048035466739845e-06    1.126289871286449e-05
797    2.732547343616183e-01    1.347214151751254e-01    1.049497239879544e-06    1.126384401012572e-05
798    2.735159456698608e-01    1.346411514404542e-01    1.050955611761431e-06    1.126478642121746e-05
799    2.737762780123891e-01    1.345611857877868e-01    1.052410589957561e-06    1.126572595748248e-05
