T (K)      Macro Gruneisen          Macro Gruneisen            LTEC (K-1)               LTEC (K-1)        
1     -4.242813224307230e+01    4.032481442579971e+00   -1.195925704163007e-10    2.095227695123807e-10
2     -4.039144355377039e+01    3.937627465439703e+00   -9.430991492610398e-10    1.709059022211908e-09
3     -3.477253501566152e+01    3.784460057473873e+00   -2.104288679558159e-09    4.403748750526740e-09
4     -2.812474159704198e+01    3.659983432132599e+00   -3.568877410897504e-09    9.364984227408073e-09
5     -2.309653603247166e+01    3.553656374712574e+00   -5.360808704324309e-09    1.727949723290806e-08
6     -1.967294370461975e+01    3.451014627462104e+00   -7.490750947085814e-09    2.827454918135297e-08
7     -1.725992477175185e+01    3.350163892596624e+00   -9.943082176657884e-09    4.233443284758671e-08
8     -1.545718672011646e+01    3.253557816975937e+00   -1.268941146542834e-08    5.945757868228739e-08
9     -1.404341022545410e+01    3.163355263148861e+00   -1.569849547751513e-08    7.966352141628825e-08
10    -1.289440434798034e+01    3.080483972774991e+00   -1.894049697443511e-08    1.029779400691340e-07
11    -1.193590530745599e+01    3.004968269267100e+00   -2.238844270680818e-08    1.294252355643493e-07
12    -1.112045734630725e+01    2.936379515345510e+00   -2.601854640555224e-08    1.590284548949326e-07
13    -1.041594467799166e+01    2.874125101094148e+00   -2.981008909265045e-08    1.918129514019765e-07
14    -9.799588775686665e+00    2.817589986002082e+00   -3.374513551273688e-08    2.278110648440100e-07
15    -9.254628582150882e+00    2.766193513334821e+00   -3.780820663241028e-08    2.670659880074753e-07
16    -8.768389884371429e+00    2.719406174006303e+00   -4.198596141570739e-08    3.096336634710892e-07
17    -8.331103536262532e+00    2.676749705762565e+00   -4.626690876348797e-08    3.555821887445946e-07
18    -7.935140204486670e+00    2.637791292507412e+00   -5.064115406699858e-08    4.049887920524142e-07
19    -7.574485115633363e+00    2.602136588001805e+00   -5.510017734209756e-08    4.579348872474771e-07
20    -7.244358268656192e+00    2.569423571936591e+00   -5.963663763305984e-08    5.144999656873006e-07
21    -6.940929050700452e+00    2.539317962551689e+00   -6.424419877041358e-08    5.747551372287237e-07
22    -6.661096943601836e+00    2.511510246444494e+00   -6.891737296378337e-08    6.387570387543969e-07
23    -6.402321644924970e+00    2.485714043768857e+00   -7.365138015347058e-08    7.065426501291875e-07
24    -6.162491770633830e+00    2.461665387775389e+00   -7.844202210915630e-08    7.781253516528175e-07
25    -5.939824270702950e+00    2.439122492543560e+00   -8.328557085687634e-08    8.534923648919958e-07
26    -5.732788316387685e+00    2.417865655952153e+00   -8.817867120953028e-08    9.326035631696645e-07
27    -5.540048476528097e+00    2.397697051011420e+00   -9.311825710260771e-08    1.015391527198886e-06
28    -5.360422836384912e+00    2.378440265470108e+00   -9.810148122365889e-08    1.101762653799912e-06
29    -5.192852456365773e+00    2.359939538569294e+00   -1.031256571704656e-07    1.191599094433524e-06
30    -5.036379250588119e+00    2.342058707599815e+00   -1.081882131434608e-07    1.284761296538368e-06
31    -4.890129980635582e+00    2.324679915742975e+00   -1.132866560070624e-07    1.381090935614919e-06
32    -4.753304595419089e+00    2.307702150811800e+00   -1.184185444542792e-07    1.480414052128252e-06
33    -4.625167596281442e+00    2.291039687669279e+00   -1.235814699768702e-07    1.582544238734224e-06
34    -4.505041467784066e+00    2.274620500779966e+00   -1.287730443692337e-07    1.687285755852198e-06
35    -4.392301495866714e+00    2.258384702040526e+00   -1.339908925645587e-07    1.794436484437009e-06
36    -4.286371507053683e+00    2.242283045976866e+00   -1.392326497027732e-07    1.903790652315829e-06
37    -4.186720217368277e+00    2.226275531680395e+00   -1.444959614490882e-07    2.015141293873873e-06
38    -4.092857989638422e+00    2.210330119652533e+00   -1.497784867092435e-07    2.128282422006447e-06
39    -4.004333873680594e+00    2.194421572543983e+00   -1.550779020150622e-07    2.243010906290481e-06
40    -3.920732854444378e+00    2.178530421695764e+00   -1.603919069760086e-07    2.359128062670919e-06
41    -3.841673265774153e+00    2.162642056248104e+00   -1.657182303053889e-07    2.476440968114466e-06
42    -3.766804347511615e+00    2.146745928097403e+00   -1.710546360314840e-07    2.594763519190723e-06
43    -3.695803935313093e+00    2.130834863830713e+00   -1.763989295932508e-07    2.713917256913756e-06
44    -3.628376278732901e+00    2.114904473643082e+00   -1.817489635971522e-07    2.833731981881990e-06
45    -3.564249985887392e+00    2.098952646874054e+00   -1.871026430766195e-07    2.954046184196915e-06
46    -3.503176093764215e+00    2.082979123959806e+00   -1.924579301494634e-07    3.074707312162111e-06
47    -3.444926262899177e+00    2.066985135107346e+00   -1.978128480122750e-07    3.195571902642188e-06
48    -3.389291094295723e+00    2.050973096719961e+00   -2.031654842456523e-07    3.316505594418542e-06
49    -3.336078565464239e+00    2.034946357437065e+00   -2.085139934311276e-07    3.437383044087735e-06
50    -3.285112581511661e+00    2.018908986524870e+00   -2.138565991010727e-07    3.558087762139557e-06
51    -3.236231636418244e+00    2.002865598217241e+00   -2.191915950576958e-07    3.678511884921786e-06
52    -3.189287579037393e+00    1.986821206426869e+00   -2.245173461074640e-07    3.798555896315550e-06
53    -3.144144477949959e+00    1.970781105006344e+00   -2.298322882637468e-07    3.918128311155708e-06
54    -3.100677579079286e+00    1.954750769426739e+00   -2.351349284739421e-07    4.037145330764034e-06
55    -3.058772349902037e+00    1.938735776354801e+00   -2.404238439284405e-07    4.155530479436083e-06
56    -3.018323604143285e+00    1.922741738149343e+00   -2.456976810080878e-07    4.273214229342273e-06
57    -2.979234700994481e+00    1.906774249766812e+00   -2.509551539247538e-07    4.390133620070383e-06
58    -2.941416813114670e+00    1.890838845970628e+00   -2.561950431066097e-07    4.506231877945564e-06
59    -2.904788257946695e+00    1.874940967084646e+00   -2.614161933760636e-07    4.621458039307686e-06
60    -2.869273887183517e+00    1.859085931824781e+00   -2.666175119642623e-07    4.735766581094438e-06
61    -2.834804529540617e+00    1.843278915990471e+00   -2.717979664018194e-07    4.849117061361795e-06
62    -2.801316482317846e+00    1.827524936005510e+00   -2.769565823211607e-07    4.961473771759849e-06
63    -2.768751047559440e+00    1.811828836471283e+00   -2.820924412016737e-07    5.072805403461053e-06
64    -2.737054108938285e+00    1.796195281039706e+00   -2.872046780848195e-07    5.183084727598896e-06
65    -2.706175745795469e+00    1.780628746032624e+00   -2.922924792825586e-07    5.292288290908101e-06
66    -2.676069881056002e+00    1.765133516333087e+00   -2.973550800989061e-07    5.400396126953611e-06
67    -2.646693960014471e+00    1.749713683155111e+00   -3.023917625811813e-07    5.507391483086322e-06
68    -2.618008657239642e+00    1.734373143365316e+00   -3.074018533145754e-07    5.613260563061527e-06
69    -2.589977609084254e+00    1.719115600084575e+00   -3.123847212710167e-07    5.717992285094305e-06
70    -2.562567169505805e+00    1.703944564342794e+00   -3.173397757209583e-07    5.821578054998875e-06
71    -2.535746187106616e+00    1.688863357596774e+00   -3.222664642146552e-07    5.924011553960935e-06
72    -2.509485801487477e+00    1.673875114951471e+00   -3.271642706376911e-07    6.025288540418480e-06
73    -2.483759257179873e+00    1.658982788949860e+00   -3.320327133439664e-07    6.125406665473773e-06
74    -2.458541733577890e+00    1.644189153817295e+00   -3.368713433680235e-07    6.224365301223221e-06
75    -2.433810189433701e+00    1.629496810063353e+00   -3.416797427174844e-07    6.322165381370391e-06
76    -2.409543220610647e+00    1.614908189358424e+00   -3.464575227454189e-07    6.418809253476975e-06
77    -2.385720929906787e+00    1.600425559614354e+00   -3.512043226017115e-07    6.514300542205874e-06
78    -2.362324807869895e+00    1.586051030208560e+00   -3.559198077618642e-07    6.608644022917037e-06
79    -2.339337623623387e+00    1.571786557299718e+00   -3.606036686311837e-07    6.701845504989233e-06
80    -2.316743324812309e+00    1.557633949190557e+00   -3.652556192219196e-07    6.793911724257984e-06
81    -2.294526945859975e+00    1.543594871699714e+00   -3.698753959006345e-07    6.884850243980287e-06
82    -2.272674523800015e+00    1.529670853510218e+00   -3.744627562028870e-07    6.974669363759807e-06
83    -2.251173021015960e+00    1.515863291467124e+00   -3.790174777121791e-07    7.063378035890890e-06
84    -2.230010254281661e+00    1.502173455801079e+00   -3.835393570000411e-07    7.150985788605520e-06
85    -2.209174829551541e+00    1.488602495258541e+00   -3.880282086241096e-07    7.237502655733787e-06
86    -2.188656082000149e+00    1.475151442122703e+00   -3.924838641810677e-07    7.322939112314954e-06
87    -2.168444020856342e+00    1.461821217112242e+00   -3.969061714113666e-07    7.407306015722561e-06
88    -2.148529278619150e+00    1.448612634147712e+00   -4.012949933527190e-07    7.490614551893013e-06
89    -2.128903064280098e+00    1.435526404977777e+00   -4.056502075394572e-07    7.572876186272284e-06
90    -2.109557120211096e+00    1.422563143659619e+00   -4.099717052449514e-07    7.654102619119985e-06
91    -2.090483682408149e+00    1.409723370889712e+00   -4.142593907644062e-07    7.734305744833533e-06
92    -2.071675443809313e+00    1.397007518182832e+00   -4.185131807354862e-07    7.813497614977852e-06
93    -2.053125520430970e+00    1.384415931898542e+00   -4.227330034943511e-07    7.891690404727352e-06
94    -2.034827420089634e+00    1.371948877115712e+00   -4.269187984648120e-07    7.968896382447749e-06
95    -2.016775013497576e+00    1.359606541356642e+00   -4.310705155784653e-07    8.045127882164321e-06
96    -1.998962507539584e+00    1.347389038163270e+00   -4.351881147237857e-07    8.120397278681683e-06
97    -1.981384420555415e+00    1.335296410528708e+00   -4.392715652222946e-07    8.194716965137274e-06
98    -1.964035559468143e+00    1.323328634187946e+00   -4.433208453300461e-07    8.268099332787065e-06
99    -1.946910998612761e+00    1.311485620772074e+00   -4.473359417627979e-07    8.340556752836928e-06
100   -1.930006060132189e+00    1.299767220830736e+00   -4.513168492433468e-07    8.412101560147524e-06
101   -1.913316295819452e+00    1.288173226727793e+00   -4.552635700696258e-07    8.482746038653581e-06
102   -1.896837470295298e+00    1.276703375415413e+00   -4.591761137022638e-07    8.552502408350969e-06
103   -1.880565545420006e+00    1.265357351091843e+00   -4.630544963704086e-07    8.621382813716329e-06
104   -1.864496665846779e+00    1.254134787748225e+00   -4.668987406947083e-07    8.689399313434719e-06
105   -1.848627145631868e+00    1.243035271609746e+00   -4.707088753264381e-07    8.756563871320735e-06
106   -1.832953455823676e+00    1.232058343476379e+00   -4.744849346018405e-07    8.822888348327619e-06
107   -1.817472212959430e+00    1.221203500968348e+00   -4.782269582108183e-07    8.888384495547531e-06
108   -1.802180168403852e+00    1.210470200681271e+00   -4.819349908792037e-07    8.953063948113949e-06
109   -1.787074198469509e+00    1.199857860255824e+00   -4.856090820638822e-07    9.016938219924463e-06
110   -1.772151295263235e+00    1.189365860366485e+00   -4.892492856601175e-07    9.080018699109009e-06
111   -1.757408558207440e+00    1.178993546633778e+00   -4.928556597204786e-07    9.142316644174824e-06
112   -1.742843186188963e+00    1.168740231464158e+00   -4.964282661848198e-07    9.203843180764963e-06
113   -1.728452470291768e+00    1.158605195821445e+00   -4.999671706208219e-07    9.264609298972810e-06
114   -1.714233787073000e+00    1.148587690933517e+00   -5.034724419746281e-07    9.324625851159619e-06
115   -1.700184592344915e+00    1.138686939937667e+00   -5.069441523311713e-07    9.383903550226731e-06
116   -1.686302415427880e+00    1.128902139467847e+00   -5.103823766838040e-07    9.442452968298214e-06
117   -1.672584853842150e+00    1.119232461186758e+00   -5.137871927128935e-07    9.500284535773515e-06
118   -1.659029568408352e+00    1.109677053265528e+00   -5.171586805730574e-07    9.557408540713100e-06
119   -1.645634278728726e+00    1.100235041813502e+00   -5.204969226887578e-07    9.613835128523360e-06
120   -1.632396759023053e+00    1.090905532260465e+00   -5.238020035579863e-07    9.669574301909998e-06
121   -1.619314834294958e+00    1.081687610693419e+00   -5.270740095637914e-07    9.724635921071707e-06
122   -1.606386376805909e+00    1.072580345149839e+00   -5.303130287934349e-07    9.779029704108591e-06
123   -1.593609302835701e+00    1.063582786869193e+00   -5.335191508649615e-07    9.832765227621918e-06
124   -1.580981569709593e+00    1.054693971504313e+00   -5.366924667609912e-07    9.885851927483976e-06
125   -1.568501173073588e+00    1.045912920294076e+00   -5.398330686695607e-07    9.938299099758575e-06
126   -1.556166144400451e+00    1.037238641198732e+00   -5.429410498318426e-07    9.990115901754718e-06
127   -1.543974548710229e+00    1.028670129999049e+00   -5.460165043965871e-07    1.004131135319730e-05
128   -1.531924482490045e+00    1.020206371360400e+00   -5.490595272811390e-07    1.009189433750037e-05
129   -1.520014071798866e+00    1.011846339862737e+00   -5.520702140388924e-07    1.014187360312964e-05
130   -1.508241470543869e+00    1.003589000997391e+00   -5.550486607330404e-07    1.019125776504247e-05
131   -1.496604858915864e+00    9.954333121314907e-01   -5.579949638165045e-07    1.024005530619416e-05
132   -1.485102441971981e+00    9.873782234407611e-01   -5.609092200179082e-07    1.028827457910109e-05
133   -1.473732448354602e+00    9.794226788113906e-01   -5.637915262334779e-07    1.033592380745134e-05
134   -1.462493129136200e+00    9.715656167116085e-01   -5.666419794247586e-07    1.038301108775532e-05
135   -1.451382756780354e+00    9.638059710335620e-01   -5.694606765220181e-07    1.042954439102855e-05
136   -1.440399624209889e+00    9.561426719060571e-01   -5.722477143332375e-07    1.047553156450050e-05
137   -1.429542043973590e+00    9.485746464786849e-01   -5.750031894585644e-07    1.052098033334339e-05
138   -1.418808347503538e+00    9.411008196778409e-01   -5.777271982101232e-07    1.056589830241561e-05
139   -1.408196884455602e+00    9.337201149351144e-01   -5.804198365370710e-07    1.061029295801509e-05
140   -1.397706022126075e+00    9.264314548885225e-01   -5.830811999557785e-07    1.065417166963829e-05
141   -1.387334144937966e+00    9.192337620570390e-01   -5.857113834850347e-07    1.069754169174103e-05
142   -1.377079653990803e+00    9.121259594888692e-01   -5.883104815861530e-07    1.074041016549763e-05
143   -1.366940966668294e+00    9.051069713839187e-01   -5.908785881078724e-07    1.078278412055546e-05
144   -1.356916516298478e+00    8.981757236908928e-01   -5.934157962359297e-07    1.082467047678210e-05
145   -1.347004751861466e+00    8.913311446794715e-01   -5.959221984472000e-07    1.086607604600271e-05
146   -1.337204137740116e+00    8.845721654880062e-01   -5.983978864682754e-07    1.090700753372550e-05
147   -1.327513153509371e+00    8.778977206471822e-01   -6.008429512383738e-07    1.094747154085346e-05
148   -1.317930293760271e+00    8.713067485801020e-01   -6.032574828764572e-07    1.098747456538070e-05
149   -1.308454067954917e+00    8.647981920792438e-01   -6.056415706524348e-07    1.102702300407185e-05
150   -1.299083000308982e+00    8.583709987607573e-01   -6.079953029623374e-07    1.106612315412347e-05
151   -1.289815629698572e+00    8.520241214965706e-01   -6.103187673073380e-07    1.110478121480632e-05
152   -1.280650509588498e+00    8.457565188247733e-01   -6.126120502764962e-07    1.114300328908746e-05
153   -1.271586207979257e+00    8.395671553387658e-01   -6.148752375331051e-07    1.118079538523164e-05
154   -1.262621307370207e+00    8.334550020556499e-01   -6.171084138045169e-07    1.121816341838100e-05
155   -1.253754404736652e+00    8.274190367643630e-01   -6.193116628753214e-07    1.125511321211299e-05
156   -1.244984111518702e+00    8.214582443540422e-01   -6.214850675837560e-07    1.129165049997558e-05
157   -1.236309053619993e+00    8.155716171231240e-01   -6.236287098212229e-07    1.132778092699983e-05
158   -1.227727871414467e+00    8.097581550696782e-01   -6.257426705347850e-07    1.136351005118930e-05
159   -1.219239219759624e+00    8.040168661634878e-01   -6.278270297325215e-07    1.139884334498626e-05
160   -1.210841768014748e+00    7.983467666003776e-01   -6.298818664916155e-07    1.143378619671454e-05
161   -1.202534200062782e+00    7.927468810393070e-01   -6.319072589690540e-07    1.146834391199891e-05
162   -1.194315214334635e+00    7.872162428227273e-01   -6.339032844148108e-07    1.150252171516113e-05
163   -1.186183523834835e+00    7.817538941807272e-01   -6.358700191873994e-07    1.153632475059252e-05
164   -1.178137856167529e+00    7.763588864194634e-01   -6.378075387716637e-07    1.156975808410333e-05
165   -1.170176953561971e+00    7.710302800943877e-01   -6.397159177986979e-07    1.160282670424889e-05
166   -1.162299572896693e+00    7.657671451687762e-01   -6.415952300677642e-07    1.163553552363280e-05
167   -1.154504485721671e+00    7.605685611580589e-01   -6.434455485701014e-07    1.166788938018727e-05
168   -1.146790478277880e+00    7.554336172604486e-01   -6.452669455145038e-07    1.169989303843088e-05
169   -1.139156351513672e+00    7.503614124743609e-01   -6.470594923545510e-07    1.173155119070398e-05
170   -1.131600921097542e+00    7.453510557031104e-01   -6.488232598173845e-07    1.176286845838197e-05
171   -1.124123017426854e+00    7.404016658473657e-01   -6.505583179339111e-07    1.179384939306668e-05
172   -1.116721485632199e+00    7.355123718858382e-01   -6.522647360703324e-07    1.182449847775635e-05
173   -1.109395185577081e+00    7.306823129446698e-01   -6.539425829608845e-07    1.185482012799421e-05
174   -1.102142991852709e+00    7.259106383559781e-01   -6.555919267416906e-07    1.188481869299614e-05
175   -1.094963793767696e+00    7.211965077060174e-01   -6.572128349856153e-07    1.191449845675779e-05
176   -1.087856495332515e+00    7.165390908733874e-01   -6.588053747380310e-07    1.194386363914129e-05
177   -1.080820015238604e+00    7.119375680577373e-01   -6.603696125533854e-07    1.197291839694203e-05
178   -1.073853286832047e+00    7.073911297993781e-01   -6.619056145324862e-07    1.200166682493578e-05
179   -1.066955258081781e+00    7.028989769902269e-01   -6.634134463604003e-07    1.203011295690653e-05
180   -1.060124891542330e+00    6.984603208764878e-01   -6.648931733448852e-07    1.205826076665531e-05
181   -1.053361164311054e+00    6.940743830534651e-01   -6.663448604552552e-07    1.208611416899041e-05
182   -1.046663067979983e+00    6.897403954528935e-01   -6.677685723616078e-07    1.211367702069930e-05
183   -1.040029608582255e+00    6.854576003231653e-01   -6.691643734743202e-07    1.214095312150258e-05
184   -1.033459806533266e+00    6.812252502028187e-01   -6.705323279837344e-07    1.216794621499029e-05
185   -1.026952696566604e+00    6.770426078876421e-01   -6.718724998999647e-07    1.219465998954098e-05
186   -1.020507327664887e+00    6.729089463917414e-01   -6.731849530927414e-07    1.222109807922377e-05
187   -1.014122762985617e+00    6.688235489029042e-01   -6.744697513312217e-07    1.224726406468380e-05
188   -1.007798079782183e+00    6.647857087325866e-01   -6.757269583237080e-07    1.227316147401138e-05
189   -1.001532369320167e+00    6.607947292608345e-01   -6.769566377571953e-07    1.229879378359514e-05
190   -9.953247367890714e-01    6.568499238764467e-01   -6.781588533366927e-07    1.232416441895952e-05
191   -9.891743012096718e-01    6.529506159126724e-01   -6.793336688242548e-07    1.234927675558690e-05
192   -9.830801953371033e-01    6.490961385787228e-01   -6.804811480776675e-07    1.237413411972470e-05
193   -9.770415655598942e-01    6.452858348873780e-01   -6.816013550887321e-07    1.239873978917770e-05
194   -9.710575717950889e-01    6.415190575789473e-01   -6.826943540210965e-07    1.242309699408597e-05
195   -9.651273873796452e-01    6.377951690418375e-01   -6.837602092475840e-07    1.244720891768858e-05
196   -9.592501989582783e-01    6.341135412299770e-01   -6.847989853869716e-07    1.247107869707352e-05
197   -9.534252063679267e-01    6.304735555773262e-01   -6.858107473401735e-07    1.249470942391398e-05
198   -9.476516225190216e-01    6.268746029097046e-01   -6.867955603257940e-07    1.251810414519138e-05
199   -9.419286732737276e-01    6.233160833541471e-01   -6.877534899149991e-07    1.254126586390534e-05
200   -9.362555973213421e-01    6.197974062460011e-01   -6.886846020656845e-07    1.256419753977088e-05
201   -9.306316460510166e-01    6.163179900339611e-01   -6.895889631558944e-07    1.258690208990319e-05
202   -9.250560834219774e-01    6.128772621832317e-01   -6.904666400164634e-07    1.260938238949008e-05
203   -9.195281858314256e-01    6.094746590770054e-01   -6.913176999628590e-07    1.263164127245249e-05
204   -9.140472419802583e-01    6.061096259164216e-01   -6.921422108261812e-07    1.265368153209325e-05
205   -9.086125527368107e-01    6.027816166191837e-01   -6.929402409833151e-07    1.267550592173434e-05
206   -9.032234309987539e-01    5.994900937169847e-01   -6.937118593861971e-07    1.269711715534291e-05
207   -8.978792015533196e-01    5.962345282518966e-01   -6.944571355901831e-07    1.271851790814619e-05
208   -8.925792009360052e-01    5.930143996718698e-01   -6.951761397814984e-07    1.273971081723576e-05
209   -8.873227772879085e-01    5.898291957254751e-01   -6.958689428037507e-07    1.276069848216101e-05
210   -8.821092902118446e-01    5.866784123560252e-01   -6.965356161834972e-07    1.278148346551247e-05
211   -8.769381106273825e-01    5.835615535951937e-01   -6.971762321548479e-07    1.280206829349481e-05
212   -8.718086206249457e-01    5.804781314562545e-01   -6.977908636830970e-07    1.282245545648999e-05
213   -8.667202133191083e-01    5.774276658270501e-01   -6.983795844873728e-07    1.284264740961062e-05
214   -8.616722927012236e-01    5.744096843627977e-01   -6.989424690623006e-07    1.286264657324381e-05
215   -8.566642734915045e-01    5.714237223788294e-01   -6.994795926986708e-07    1.288245533358563e-05
216   -8.516955809906871e-01    5.684693227433655e-01   -6.999910315031111e-07    1.290207604316643e-05
217   -8.467656509313835e-01    5.655460357704066e-01   -7.004768624167551e-07    1.292151102136718e-05
218   -8.418739293292554e-01    5.626534191128331e-01   -7.009371632329140e-07    1.294076255492700e-05
219   -8.370198723341012e-01    5.597910376557848e-01   -7.013720126137493e-07    1.295983289844208e-05
220   -8.322029460809681e-01    5.569584634104046e-01   -7.017814901059371e-07    1.297872427485615e-05
221   -8.274226265413993e-01    5.541552754080075e-01   -7.021656761553515e-07    1.299743887594263e-05
222   -8.226783993748975e-01    5.513810595947468e-01   -7.025246521207442e-07    1.301597886277874e-05
223   -8.179697597807091e-01    5.486354087268361e-01   -7.028585002864466e-07    1.303434636621156e-05
224   -8.132962123500175e-01    5.459179222663864e-01   -7.031673038740891e-07    1.305254348731637e-05
225   -8.086572709186226e-01    5.432282062779114e-01   -7.034511470533509e-07    1.307057229784728e-05
226   -8.040524584201966e-01    5.405658733255506e-01   -7.037101149517459e-07    1.308843484068039e-05
227   -7.994813067401876e-01    5.379305423710596e-01   -7.039442936634561e-07    1.310613313024962e-05
228   -7.949433565704466e-01    5.353218386726057e-01   -7.041537702572233e-07    1.312366915297528e-05
229   -7.904381572646474e-01    5.327393936844141e-01   -7.043386327833088e-07    1.314104486768559e-05
230   -7.859652666945671e-01    5.301828449572997e-01   -7.044989702795350e-07    1.315826220603129e-05
231   -7.815242511072817e-01    5.276518360401170e-01   -7.046348727764149e-07    1.317532307289342e-05
232   -7.771146849833540e-01    5.251460163821622e-01   -7.047464313014041e-07    1.319222934678442e-05
233   -7.727361508960447e-01    5.226650412365536e-01   -7.048337378822525e-07    1.320898288024272e-05
234   -7.683882393716241e-01    5.202085715646176e-01   -7.048968855495124e-07    1.322558550022090e-05
235   -7.640705487508154e-01    5.177762739413042e-01   -7.049359683381858e-07    1.324203900846749e-05
236   -7.597826850514262e-01    5.153678204616522e-01   -7.049510812885436e-07    1.325834518190271e-05
237   -7.555242618322078e-01    5.129828886483229e-01   -7.049423204461277e-07    1.327450577298800e-05
238   -7.512949000579849e-01    5.106211613602231e-01   -7.049097828609543e-07    1.329052251008972e-05
239   -7.470942279660893e-01    5.082823267022248e-01   -7.048535665859318e-07    1.330639709783693e-05
240   -7.429218809341409e-01    5.059660779360049e-01   -7.047737706745191e-07    1.332213121747349e-05
241   -7.387775013491953e-01    5.036721133920051e-01   -7.046704951776272e-07    1.333772652720445e-05
242   -7.346607384783068e-01    5.014001363825323e-01   -7.045438411398051e-07    1.335318466253702e-05
243   -7.305712483405121e-01    4.991498551159990e-01   -7.043939105946987e-07    1.336850723661604e-05
244   -7.265086935802804e-01    4.969209826123160e-01   -7.042208065598301e-07    1.338369584055412e-05
245   -7.224727433424382e-01    4.947132366194397e-01   -7.040246330306951e-07    1.339875204375664e-05
246   -7.184630731485970e-01    4.925263395310771e-01   -7.038054949742077e-07    1.341367739424143e-05
247   -7.144793647751030e-01    4.903600183055553e-01   -7.035634983215095e-07    1.342847341895366e-05
248   -7.105213061325180e-01    4.882140043858508e-01   -7.032987499601582e-07    1.344314162407554e-05
249   -7.065885911466573e-01    4.860880336207830e-01   -7.030113577257212e-07    1.345768349533129e-05
250   -7.026809196411874e-01    4.839818461873702e-01   -7.027014303927871e-07    1.347210049828729e-05
251   -6.987979972217997e-01    4.818951865143450e-01   -7.023690776654164e-07    1.348639407864752e-05
252   -6.949395351619726e-01    4.798278032068266e-01   -7.020144101670551e-07    1.350056566254442e-05
253   -6.911052502903167e-01    4.777794489721474e-01   -7.016375394299166e-07    1.351461665682522e-05
254   -6.872948648795312e-01    4.757498805468285e-01   -7.012385778838727e-07    1.352854844933374e-05
255   -6.835081065369512e-01    4.737388586246978e-01   -7.008176388448471e-07    1.354236240918793e-05
256   -6.797447080967088e-01    4.717461477861465e-01   -7.003748365027508e-07    1.355605988705302e-05
257   -6.760044075135033e-01    4.697715164285164e-01   -6.999102859089704e-07    1.356964221541049e-05
258   -6.722869477579738e-01    4.678147366976101e-01   -6.994241029634215e-07    1.358311070882287e-05
259   -6.685920767136853e-01    4.658755844203163e-01   -6.989164044011965e-07    1.359646666419445e-05
260   -6.649195470757215e-01    4.639538390383438e-01   -6.983873077788197e-07    1.360971136102800e-05
261   -6.612691162508758e-01    4.620492835430502e-01   -6.978369314601216e-07    1.362284606167751e-05
262   -6.576405462594496e-01    4.601617044113641e-01   -6.972653946017684e-07    1.363587201159711e-05
263   -6.540336036386392e-01    4.582908915427801e-01   -6.966728171384420e-07    1.364879043958609e-05
264   -6.504480593475090e-01    4.564366381974267e-01   -6.960593197676984e-07    1.366160255803028e-05
265   -6.468836886735589e-01    4.545987409351909e-01   -6.954250239345328e-07    1.367430956313963e-05
266   -6.433402711408464e-01    4.527769995558867e-01   -6.947700518156421e-07    1.368691263518227e-05
267   -6.398175904196908e-01    4.509712170404646e-01   -6.940945263034257e-07    1.369941293871491e-05
268   -6.363154342379224e-01    4.491811994932400e-01   -6.933985709897284e-07    1.371181162280981e-05
269   -6.328335942936825e-01    4.474067560851374e-01   -6.926823101493456e-07    1.372410982127827e-05
270   -6.293718661697566e-01    4.456476989979329e-01   -6.919458687233053e-07    1.373630865289073e-05
271   -6.259300492494307e-01    4.439038433694864e-01   -6.911893723019432e-07    1.374840922159352e-05
272   -6.225079466338598e-01    4.421750072399490e-01   -6.904129471077850e-07    1.376041261672239e-05
273   -6.191053650609346e-01    4.404610114989340e-01   -6.896167199782534e-07    1.377231991321272e-05
274   -6.157221148256337e-01    4.387616798336388e-01   -6.888008183482106e-07    1.378413217180664e-05
275   -6.123580097018478e-01    4.370768386779051e-01   -6.879653702323555e-07    1.379585043925698e-05
276   -6.090128668656630e-01    4.354063171622048e-01   -6.871105042074838e-07    1.380747574852814e-05
277   -6.056865068200878e-01    4.337499470645380e-01   -6.862363493946357e-07    1.381900911899401e-05
278   -6.023787533212047e-01    4.321075627622309e-01   -6.853430354411252e-07    1.383045155663279e-05
279   -5.990894333057395e-01    4.304790011846208e-01   -6.844306925024853e-07    1.384180405421901e-05
280   -5.958183768200283e-01    4.288641017666146e-01   -6.834994512243325e-07    1.385306759151259e-05
281   -5.925654169503629e-01    4.272627064031084e-01   -6.825494427241583e-07    1.386424313544509e-05
282   -5.893303897547046e-01    4.256746594042544e-01   -6.815807985730687e-07    1.387533164030319e-05
283   -5.861131341957481e-01    4.240998074515639e-01   -6.805936507774806e-07    1.388633404790933e-05
284   -5.829134920753148e-01    4.225379995548315e-01   -6.795881317607844e-07    1.389725128779989e-05
285   -5.797313079700660e-01    4.209890870098684e-01   -6.785643743449870e-07    1.390808427740033e-05
286   -5.765664291685082e-01    4.194529233570327e-01   -6.775225117323391e-07    1.391883392219809e-05
287   -5.734187056092920e-01    4.179293643405423e-01   -6.764626774869812e-07    1.392950111591271e-05
288   -5.702879898207611e-01    4.164182678685597e-01   -6.753850055165757e-07    1.394008674066341e-05
289   -5.671741368617585e-01    4.149194939740345e-01   -6.742896300539813e-07    1.395059166713428e-05
290   -5.640770042636584e-01    4.134329047762910e-01   -6.731766856389481e-07    1.396101675473693e-05
291   -5.609964519736099e-01    4.119583644433500e-01   -6.720463070998574e-07    1.397136285177072e-05
292   -5.579323422989739e-01    4.104957391549703e-01   -6.708986295355078e-07    1.398163079558070e-05
293   -5.548845398529402e-01    4.090448970664002e-01   -6.697337882969634e-07    1.399182141271305e-05
294   -5.518529115012993e-01    4.076057082728232e-01   -6.685519189694707e-07    1.400193551906843e-05
295   -5.488373263103552e-01    4.061780447744899e-01   -6.673531573544411e-07    1.401197392005277e-05
296   -5.458376554959671e-01    4.047617804425216e-01   -6.661376394515341e-07    1.402193741072613e-05
297   -5.428537723736886e-01    4.033567909853731e-01   -6.649055014408151e-07    1.403182677594913e-05
298   -5.398855523099994e-01    4.019629539159468e-01   -6.636568796650188e-07    1.404164279052731e-05
299   -5.369328726746083e-01    4.005801485193415e-01   -6.623919106119241e-07    1.405138621935335e-05
300   -5.339956127938043e-01    3.992082558212282e-01   -6.611107308968288e-07    1.406105781754716e-05
301   -5.310736539048473e-01    3.978471585568406e-01   -6.598134772451575e-07    1.407065833059393e-05
302   -5.281668791113715e-01    3.964967411405674e-01   -6.585002864751813e-07    1.408018849448012e-05
303   -5.252751733397973e-01    3.951568896361386e-01   -6.571712954808867e-07    1.408964903582744e-05
304   -5.223984232967116e-01    3.938274917273907e-01   -6.558266412149575e-07    1.409904067202489e-05
305   -5.195365174272323e-01    3.925084366896057e-01   -6.544664606719285e-07    1.410836411135878e-05
306   -5.166893458743084e-01    3.911996153614064e-01   -6.530908908714687e-07    1.411762005314093e-05
307   -5.138568004389498e-01    3.899009201172027e-01   -6.517000688418134e-07    1.412680918783490e-05
308   -5.110387745413876e-01    3.886122448401784e-01   -6.502941316033785e-07    1.413593219718039e-05
309   -5.082351631831145e-01    3.873334848958032e-01   -6.488732161525129e-07    1.414498975431581e-05
310   -5.054458629098202e-01    3.860645371058682e-01   -6.474374594454349e-07    1.415398252389908e-05
311   -5.026707717751817e-01    3.848052997230246e-01   -6.459869983823275e-07    1.416291116222657e-05
312   -4.999097893055114e-01    3.835556724058272e-01   -6.445219697916196e-07    1.417177631735038e-05
313   -4.971628164652317e-01    3.823155561942632e-01   -6.430425104144393e-07    1.418057862919382e-05
314   -4.944297556231722e-01    3.810848534857637e-01   -6.415487568892571e-07    1.418931872966530e-05
315   -4.917105105196606e-01    3.798634680116840e-01   -6.400408457367033e-07    1.419799724277037e-05
316   -4.890049862344055e-01    3.786513048142467e-01   -6.385189133445859e-07    1.420661478472234e-05
317   -4.863130891551478e-01    3.774482702239373e-01   -6.369830959530938e-07    1.421517196405109e-05
318   -4.836347269470668e-01    3.762542718373427e-01   -6.354335296402008e-07    1.422366938171037e-05
319   -4.809698085229221e-01    3.750692184954251e-01   -6.338703503072536e-07    1.423210763118352e-05
320   -4.783182440139273e-01    3.738930202622225e-01   -6.322936936647754e-07    1.424048729858763e-05
321   -4.756799447413293e-01    3.727255884039664e-01   -6.307036952184603e-07    1.424880896277616e-05
322   -4.730548231886840e-01    3.715668353686100e-01   -6.291004902553731e-07    1.425707319544011e-05
323   -4.704427929748167e-01    3.704166747657572e-01   -6.274842138303616e-07    1.426528056120763e-05
324   -4.678437688274397e-01    3.692750213469848e-01   -6.258550007526557e-07    1.427343161774224e-05
325   -4.652576665574393e-01    3.681417909865510e-01   -6.242129855727064e-07    1.428152691583955e-05
326   -4.626844030337863e-01    3.670169006624813e-01   -6.225583025692026e-07    1.428956699952267e-05
327   -4.601238961590819e-01    3.659002684380244e-01   -6.208910857363186e-07    1.429755240613607e-05
328   -4.575760648457154e-01    3.647918134434714e-01   -6.192114687711687e-07    1.430548366643822e-05
329   -4.550408289926154e-01    3.636914558583293e-01   -6.175195850614680e-07    1.431336130469277e-05
330   -4.525181094625961e-01    3.625991168938444e-01   -6.158155676734184e-07    1.432118583875846e-05
331   -4.500078280602699e-01    3.615147187758651e-01   -6.140995493397967e-07    1.432895778017769e-05
332   -4.475099075105243e-01    3.604381847280397e-01   -6.123716624482626e-07    1.433667763426376e-05
333   -4.450242714375501e-01    3.593694389553417e-01   -6.106320390298871e-07    1.434434590018696e-05
334   -4.425508443444002e-01    3.583084066279159e-01   -6.088808107478820e-07    1.435196307105922e-05
335   -4.400895515930769e-01    3.572550138652368e-01   -6.071181088865572e-07    1.435952963401772e-05
336   -4.376403193851349e-01    3.562091877205783e-01   -6.053440643404894e-07    1.436704607030710e-05
337   -4.352030747427754e-01    3.551708561657809e-01   -6.035588076038972e-07    1.437451285536064e-05
338   -4.327777454904435e-01    3.541399480763166e-01   -6.017624687602482e-07    1.438193045888009e-05
339   -4.303642602368953e-01    3.531163932166425e-01   -5.999551774720653e-07    1.438929934491449e-05
340   -4.279625483577312e-01    3.521001222258361e-01   -5.981370629709482e-07    1.439661997193773e-05
341   -4.255725399783952e-01    3.510910666035100e-01   -5.963082540478184e-07    1.440389279292505e-05
342   -4.231941659576115e-01    3.500891586959968e-01   -5.944688790433667e-07    1.441111825542837e-05
343   -4.208273578712642e-01    3.490943316828002e-01   -5.926190658387215e-07    1.441829680165057e-05
344   -4.184720479966927e-01    3.481065195633072e-01   -5.907589418463122e-07    1.442542886851867e-05
345   -4.161281692974156e-01    3.471256571437547e-01   -5.888886340009663e-07    1.443251488775595e-05
346   -4.137956554082492e-01    3.461516800244457e-01   -5.870082687511957e-07    1.443955528595301e-05
347   -4.114744406208255e-01    3.451845245872109e-01   -5.851179720506963e-07    1.444655048463780e-05
348   -4.091644598695032e-01    3.442241279831098e-01   -5.832178693500675e-07    1.445350090034465e-05
349   -4.068656487176424e-01    3.432704281203645e-01   -5.813080855887152e-07    1.446040694468227e-05
350   -4.045779433442631e-01    3.423233636525272e-01   -5.793887451869816e-07    1.446726902440083e-05
351   -4.023012805310472e-01    3.413828739668671e-01   -5.774599720384600e-07    1.447408754145790e-05
352   -4.000355976497049e-01    3.404488991729824e-01   -5.755218895025261e-07    1.448086289308366e-05
353   -3.977808326496711e-01    3.395213800916255e-01   -5.735746203970573e-07    1.448759547184499e-05
354   -3.955369240461440e-01    3.386002582437397e-01   -5.716182869913626e-07    1.449428566570871e-05
355   -3.933038109084422e-01    3.376854758397026e-01   -5.696530109992999e-07    1.450093385810385e-05
356   -3.910814328486852e-01    3.367769757687729e-01   -5.676789135726001e-07    1.450754042798312e-05
357   -3.888697300107742e-01    3.358747015887338e-01   -5.656961152943710e-07    1.451410574988334e-05
358   -3.866686430596809e-01    3.349785975157311e-01   -5.637047361728053e-07    1.452063019398512e-05
359   -3.844781131710298e-01    3.340886084143026e-01   -5.617048956350788e-07    1.452711412617160e-05
360   -3.822980820209620e-01    3.332046797875919e-01   -5.596967125214304e-07    1.453355790808640e-05
361   -3.801284917762808e-01    3.323267577677451e-01   -5.576803050794339e-07    1.453996189719071e-05
362   -3.779692850848710e-01    3.314547891064860e-01   -5.556557909584603e-07    1.454632644681949e-05
363   -3.758204050663755e-01    3.305887211658654e-01   -5.536232872043075e-07    1.455265190623694e-05
364   -3.736817953031390e-01    3.297285019091820e-01   -5.515829102540323e-07    1.455893862069116e-05
365   -3.715533998313962e-01    3.288740798920713e-01   -5.495347759309468e-07    1.456518693146797e-05
366   -3.694351631327094e-01    3.280254042537581e-01   -5.474789994398017e-07    1.457139717594401e-05
367   -3.673270301256357e-01    3.271824247084673e-01   -5.454156953621324e-07    1.457756968763903e-05
368   -3.652289461576395e-01    3.263450915369966e-01   -5.433449776517989e-07    1.458370479626742e-05
369   -3.631408569972165e-01    3.255133555784389e-01   -5.412669596306758e-07    1.458980282778907e-05
370   -3.610627088262476e-01    3.246871682220580e-01   -5.391817539845274e-07    1.459586410445939e-05
371   -3.589944482325642e-01    3.238664813993111e-01   -5.370894727590449e-07    1.460188894487870e-05
372   -3.569360222027200e-01    3.230512475760158e-01   -5.349902273560518e-07    1.460787766404088e-05
373   -3.548873781149617e-01    3.222414197446580e-01   -5.328841285298565e-07    1.461383057338123e-05
374   -3.528484637324075e-01    3.214369514168412e-01   -5.307712863837941e-07    1.461974798082383e-05
375   -3.508192271964093e-01    3.206377966158677e-01   -5.286518103669082e-07    1.462563019082804e-05
376   -3.487996170201019e-01    3.198439098694561e-01   -5.265258092707908e-07    1.463147750443443e-05
377   -3.467895820821346e-01    3.190552462025870e-01   -5.243933912265791e-07    1.463729021931000e-05
378   -3.447890716205833e-01    3.182717611304768e-01   -5.222546637021138e-07    1.464306862979278e-05
379   -3.427980352270272e-01    3.174934106516772e-01   -5.201097334992310e-07    1.464881302693581e-05
380   -3.408164228407993e-01    3.167201512412959e-01   -5.179587067512197e-07    1.465452369855037e-05
381   -3.388441847433896e-01    3.159519398443373e-01   -5.158016889204036e-07    1.466020092924879e-05
382   -3.368812715530198e-01    3.151887338691614e-01   -5.136387847958959e-07    1.466584500048644e-05
383   -3.349276342193623e-01    3.144304911810568e-01   -5.114700984914772e-07    1.467145619060329e-05
384   -3.329832240184017e-01    3.136771700959262e-01   -5.092957334435994e-07    1.467703477486470e-05
385   -3.310479925474601e-01    3.129287293740831e-01   -5.071157924095677e-07    1.468258102550182e-05
386   -3.291218917203458e-01    3.121851282141558e-01   -5.049303774658177e-07    1.468809521175125e-05
387   -3.272048737626472e-01    3.114463262470970e-01   -5.027395900063502e-07    1.469357759989421e-05
388   -3.252968912071546e-01    3.107122835302977e-01   -5.005435307412792e-07    1.469902845329514e-05
389   -3.233978968894186e-01    3.099829605418022e-01   -4.983422996955304e-07    1.470444803243974e-05
390   -3.215078439434243e-01    3.092583181746228e-01   -4.961359962076435e-07    1.470983659497246e-05
391   -3.196266857973946e-01    3.085383177311522e-01   -4.939247189287137e-07    1.471519439573350e-05
392   -3.177543761697091e-01    3.078229209176701e-01   -4.917085658214539e-07    1.472052168679517e-05
393   -3.158908690649364e-01    3.071120898389452e-01   -4.894876341593710e-07    1.472581871749789e-05
394   -3.140361187699792e-01    3.064057869929279e-01   -4.872620205260641e-07    1.473108573448554e-05
395   -3.121900798503270e-01    3.057039752655322e-01   -4.850318208146386e-07    1.473632298174040e-05
396   -3.103527071464164e-01    3.050066179255065e-01   -4.827971302272387e-07    1.474153070061749e-05
397   -3.085239557700880e-01    3.043136786193910e-01   -4.805580432746821e-07    1.474670912987855e-05
398   -3.067037811011478e-01    3.036251213665580e-01   -4.783146537762145e-07    1.475185850572543e-05
399   -3.048921387840171e-01    3.029409105543365e-01   -4.760670548593584e-07    1.475697906183308e-05
400   -3.030889847244866e-01    3.022610109332169e-01   -4.738153389598896e-07    1.476207102938197e-05
401   -3.012942750865495e-01    3.015853876121368e-01   -4.715595978218941e-07    1.476713463709020e-05
402   -2.995079662893256e-01    3.009140060538420e-01   -4.692999224979352e-07    1.477217011124501e-05
403   -2.977300150040792e-01    3.002468320703270e-01   -4.670364033493369e-07    1.477717767573392e-05
404   -2.959603781513023e-01    2.995838318183484e-01   -4.647691300465309e-07    1.478215755207543e-05
405   -2.941990128978913e-01    2.989249717950113e-01   -4.624981915695283e-07    1.478710995944924e-05
406   -2.924458766543979e-01    2.982702188334301e-01   -4.602236762084760e-07    1.479203511472609e-05
407   -2.907009270723497e-01    2.976195400984571e-01   -4.579456715642970e-07    1.479693323249715e-05
408   -2.889641220416536e-01    2.969729030824818e-01   -4.556642645494404e-07    1.480180452510300e-05
409   -2.872354196880546e-01    2.963302756012970e-01   -4.533795413886870e-07    1.480664920266218e-05
410   -2.855147783706834e-01    2.956916257900331e-01   -4.510915876200854e-07    1.481146747309943e-05
411   -2.838021566796470e-01    2.950569220991550e-01   -4.488004880959239e-07    1.481625954217340e-05
412   -2.820975134336997e-01    2.944261332905245e-01   -4.465063269838185e-07    1.482102561350401e-05
413   -2.804008076779759e-01    2.937992284335259e-01   -4.442091877678803e-07    1.482576588859952e-05
414   -2.787119986817706e-01    2.931761769012510e-01   -4.419091532499376e-07    1.483048056688310e-05
415   -2.770310459363917e-01    2.925569483667464e-01   -4.396063055508627e-07    1.483516984571908e-05
416   -2.753579091530572e-01    2.919415127993181e-01   -4.373007261119471e-07    1.483983392043879e-05
417   -2.736925482608595e-01    2.913298404608955e-01   -4.349924956963823e-07    1.484447298436612e-05
418   -2.720349234047705e-01    2.907219019024512e-01   -4.326816943907820e-07    1.484908722884263e-05
419   -2.703849949437039e-01    2.901176679604771e-01   -4.303684016067888e-07    1.485367684325238e-05
420   -2.687427234486269e-01    2.895171097535149e-01   -4.280526960827497e-07    1.485824201504636e-05
421   -2.671080697007208e-01    2.889201986787406e-01   -4.257346558854599e-07    1.486278292976659e-05
422   -2.654809946895803e-01    2.883269064086001e-01   -4.234143584119548e-07    1.486729977106988e-05
423   -2.638614596114677e-01    2.877372048874989e-01   -4.210918803913882e-07    1.487179272075133e-05
424   -2.622494258676076e-01    2.871510663285408e-01   -4.187672978869639e-07    1.487626195876739e-05
425   -2.606448550625166e-01    2.865684632103158e-01   -4.164406862979166e-07    1.488070766325864e-05
426   -2.590477090023822e-01    2.859893682737383e-01   -4.141121203615647e-07    1.488513001057228e-05
427   -2.574579496934788e-01    2.854137545189315e-01   -4.117816741554201e-07    1.488952917528427e-05
428   -2.558755393406177e-01    2.848415952021605e-01   -4.094494210993431e-07    1.489390533022121e-05
429   -2.543004403456374e-01    2.842728638328098e-01   -4.071154339577583e-07    1.489825864648188e-05
430   -2.527326153059271e-01    2.837075341704062e-01   -4.047797848419208e-07    1.490258929345843e-05
431   -2.511720270129909e-01    2.831455802216883e-01   -4.024425452122443e-07    1.490689743885741e-05
432   -2.496186384510310e-01    2.825869762377152e-01   -4.001037858806517e-07    1.491118324872035e-05
433   -2.480724127955809e-01    2.820316967110227e-01   -3.977635770130093e-07    1.491544688744421e-05
434   -2.465333134121530e-01    2.814797163728176e-01   -3.954219881315746e-07    1.491968851780139e-05
435   -2.450013038549279e-01    2.809310101902160e-01   -3.930790881175153e-07    1.492390830095963e-05
436   -2.434763478654657e-01    2.803855533635199e-01   -3.907349452134544e-07    1.492810639650147e-05
437   -2.419584093714477e-01    2.798433213235347e-01   -3.883896270260681e-07    1.493228296244356e-05
438   -2.404474524854427e-01    2.793042897289254e-01   -3.860432005287164e-07    1.493643815525566e-05
439   -2.389434415037068e-01    2.787684344636114e-01   -3.836957320641311e-07    1.494057212987937e-05
440   -2.374463409049938e-01    2.782357316341972e-01   -3.813472873471130e-07    1.494468503974660e-05
441   -2.359561153494075e-01    2.777061575674429e-01   -3.789979314673023e-07    1.494877703679784e-05
442   -2.344727296772585e-01    2.771796888077680e-01   -3.766477288919451e-07    1.495284827150011e-05
443   -2.329961489079633e-01    2.766563021147925e-01   -3.742967434687410e-07    1.495689889286466e-05
444   -2.315263382389451e-01    2.761359744609129e-01   -3.719450384286740e-07    1.496092904846452e-05
445   -2.300632630445759e-01    2.756186830289116e-01   -3.695926763889289e-07    1.496493888445172e-05
446   -2.286068888751153e-01    2.751044052096006e-01   -3.672397193557799e-07    1.496892854557426e-05
447   -2.271571814556935e-01    2.745931185994988e-01   -3.648862287275696e-07    1.497289817519295e-05
448   -2.257141066852963e-01    2.740848009985407e-01   -3.625322652976758e-07    1.497684791529794e-05
449   -2.242776306357723e-01    2.735794304078181e-01   -3.601778892575181e-07    1.498077790652503e-05
450   -2.228477195508577e-01    2.730769850273524e-01   -3.578231601995908e-07    1.498468828817174e-05
451   -2.214243398452241e-01    2.725774432538991e-01   -3.554681371205351e-07    1.498857919821330e-05
452   -2.200074581035288e-01    2.720807836787801e-01   -3.531128784242053e-07    1.499245077331816e-05
453   -2.185970410794968e-01    2.715869850857488e-01   -3.507574419247951e-07    1.499630314886358e-05
454   -2.171930556950025e-01    2.710960264488826e-01   -3.484018848499515e-07    1.500013645895079e-05
455   -2.157954690391813e-01    2.706078869305047e-01   -3.460462638439475e-07    1.500395083642006e-05
456   -2.144042483675387e-01    2.701225458791341e-01   -3.436906349708329e-07    1.500774641286551e-05
457   -2.130193611010881e-01    2.696399828274632e-01   -3.413350537176463e-07    1.501152331864973e-05
458   -2.116407748254887e-01    2.691601774903634e-01   -3.389795749976092e-07    1.501528168291827e-05
459   -2.102684572902093e-01    2.686831097629174e-01   -3.366242531533760e-07    1.501902163361381e-05
460   -2.089023764076895e-01    2.682087597184770e-01   -3.342691419602619e-07    1.502274329749024e-05
461   -2.075425002525235e-01    2.677371076067482e-01   -3.319142946295133e-07    1.502644680012651e-05
462   -2.061887970606486e-01    2.672681338519005e-01   -3.295597638115809e-07    1.503013226594028e-05
463   -2.048412352285505e-01    2.668018190507029e-01   -3.272056015994189e-07    1.503379981820145e-05
464   -2.034997833124720e-01    2.663381439706830e-01   -3.248518595317818e-07    1.503744957904540e-05
465   -2.021644100276360e-01    2.658770895483114e-01   -3.224985885965445e-07    1.504108166948618e-05
466   -2.008350842474782e-01    2.654186368872097e-01   -3.201458392340341e-07    1.504469620942941e-05
467   -1.995117750028845e-01    2.649627672563816e-01   -3.177936613403624e-07    1.504829331768507e-05
468   -1.981944514814427e-01    2.645094620884679e-01   -3.154421042707820e-07    1.505187311198012e-05
469   -1.968830830267008e-01    2.640587029780235e-01   -3.130912168430459e-07    1.505543570897092e-05
470   -1.955776391374318e-01    2.636104716798173e-01   -3.107410473407721e-07    1.505898122425553e-05
471   -1.942780894669086e-01    2.631647501071533e-01   -3.083916435168229e-07    1.506250977238572e-05
472   -1.929844038221842e-01    2.627215203302147e-01   -3.060430525966852e-07    1.506602146687907e-05
473   -1.916965521633794e-01    2.622807645744271e-01   -3.036953212818556e-07    1.506951642023062e-05
474   -1.904145046029837e-01    2.618424652188456e-01   -3.013484957532510e-07    1.507299474392458e-05
475   -1.891382314051510e-01    2.614066047945598e-01   -2.990026216745898e-07    1.507645654844577e-05
476   -1.878677029850114e-01    2.609731659831200e-01   -2.966577441958059e-07    1.507990194329093e-05
477   -1.866028899079867e-01    2.605421316149843e-01   -2.943139079564572e-07    1.508333103697995e-05
478   -1.853437628891113e-01    2.601134846679844e-01   -2.919711570891377e-07    1.508674393706686e-05
479   -1.840902927923583e-01    2.596872082658102e-01   -2.896295352228884e-07    1.509014075015072e-05
480   -1.828424506299694e-01    2.592632856765144e-01   -2.872890854866102e-07    1.509352158188629e-05
481   -1.816002075617986e-01    2.588417003110361e-01   -2.849498505124929e-07    1.509688653699476e-05
482   -1.803635348946465e-01    2.584224357217416e-01   -2.826118724394150e-07    1.510023571927411e-05
483   -1.791324040816150e-01    2.580054756009840e-01   -2.802751929163792e-07    1.510356923160942e-05
484   -1.779067867214548e-01    2.575908037796810e-01   -2.779398531059169e-07    1.510688717598313e-05
485   -1.766866545579252e-01    2.571784042259098e-01   -2.756058936875141e-07    1.511018965348504e-05
486   -1.754719794791514e-01    2.567682610435192e-01   -2.732733548610160e-07    1.511347676432218e-05
487   -1.742627335169956e-01    2.563603584707594e-01   -2.709422763500552e-07    1.511674860782873e-05
488   -1.730588888464188e-01    2.559546808789280e-01   -2.686126974054426e-07    1.512000528247555e-05
489   -1.718604177848603e-01    2.555512127710329e-01   -2.662846568085920e-07    1.512324688587980e-05
490   -1.706672927916109e-01    2.551499387804708e-01   -2.639581928749142e-07    1.512647351481430e-05
491   -1.694794864671943e-01    2.547508436697229e-01   -2.616333434572200e-07    1.512968526521685e-05
492   -1.682969715527507e-01    2.543539123290653e-01   -2.593101459491136e-07    1.513288223219940e-05
493   -1.671197209294260e-01    2.539591297752959e-01   -2.569886372883893e-07    1.513606451005710e-05
494   -1.659477076177604e-01    2.535664811504754e-01   -2.546688539604134e-07    1.513923219227716e-05
495   -1.647809047770786e-01    2.531759517206843e-01   -2.523508320014932e-07    1.514238537154780e-05
496   -1.636192857048941e-01    2.527875268747953e-01   -2.500346070022717e-07    1.514552413976685e-05
497   -1.624628238363011e-01    2.524011921232588e-01   -2.477202141110753e-07    1.514864858805036e-05
498   -1.613114927433811e-01    2.520169330969040e-01   -2.454076880372852e-07    1.515175880674111e-05
499   -1.601652661346058e-01    2.516347355457540e-01   -2.430970630546867e-07    1.515485488541698e-05
500   -1.590241178542459e-01    2.512545853378546e-01   -2.407883730048147e-07    1.515793691289917e-05
501   -1.578880218817771e-01    2.508764684581171e-01   -2.384816513002847e-07    1.516100497726039e-05
502   -1.567569523312954e-01    2.505003710071749e-01   -2.361769309281260e-07    1.516405916583293e-05
503   -1.556308834509342e-01    2.501262792002532e-01   -2.338742444531107e-07    1.516709956521656e-05
504   -1.545097896222757e-01    2.497541793660525e-01   -2.315736240210478e-07    1.517012626128644e-05
505   -1.533936453597707e-01    2.493840579456434e-01   -2.292751013620898e-07    1.517313933920083e-05
506   -1.522824253101644e-01    2.490159014913773e-01   -2.269787077940338e-07    1.517613888340872e-05
507   -1.511761042519149e-01    2.486496966658067e-01   -2.246844742255920e-07    1.517912497765746e-05
508   -1.500746570946188e-01    2.482854302406195e-01   -2.223924311596649e-07    1.518209770500014e-05
509   -1.489780588784398e-01    2.479230890955857e-01   -2.201026086966060e-07    1.518505714780297e-05
510   -1.478862847735354e-01    2.475626602175153e-01   -2.178150365374652e-07    1.518800338775260e-05
511   -1.467993100794911e-01    2.472041306992295e-01   -2.155297439872366e-07    1.519093650586323e-05
512   -1.457171102247488e-01    2.468474877385421e-01   -2.132467599580767e-07    1.519385658248374e-05
513   -1.446396607660421e-01    2.464927186372536e-01   -2.109661129725200e-07    1.519676369730465e-05
514   -1.435669373878345e-01    2.461398108001570e-01   -2.086878311666925e-07    1.519965792936509e-05
515   -1.424989159017529e-01    2.457887517340535e-01   -2.064119422934891e-07    1.520253935705956e-05
516   -1.414355722460306e-01    2.454395290467810e-01   -2.041384737257663e-07    1.520540805814471e-05
517   -1.403768824849454e-01    2.450921304462524e-01   -2.018674524594992e-07    1.520826410974598e-05
518   -1.393228228082617e-01    2.447465437395052e-01   -1.995989051169374e-07    1.521110758836415e-05
519   -1.382733695306722e-01    2.444027568317614e-01   -1.973328579497391e-07    1.521393856988185e-05
520   -1.372284990912523e-01    2.440607577254997e-01   -1.950693368421237e-07    1.521675712956999e-05
521   -1.361881880528910e-01    2.437205345195342e-01   -1.928083673139448e-07    1.521956334209401e-05
522   -1.351524131017516e-01    2.433820754081082e-01   -1.905499745238231e-07    1.522235728152022e-05
523   -1.341211510467198e-01    2.430453686799947e-01   -1.882941832722315e-07    1.522513902132193e-05
524   -1.330943788188454e-01    2.427104027176076e-01   -1.860410180045427e-07    1.522790863438550e-05
525   -1.320720734708028e-01    2.423771659961239e-01   -1.837905028141108e-07    1.523066619301646e-05
526   -1.310542121763409e-01    2.420456470826139e-01   -1.815426614453062e-07    1.523341176894535e-05
527   -1.300407722297383e-01    2.417158346351828e-01   -1.792975172965470e-07    1.523614543333369e-05
528   -1.290317310452605e-01    2.413877174021201e-01   -1.770550934233169e-07    1.523886725677967e-05
529   -1.280270661566132e-01    2.410612842210594e-01   -1.748154125411569e-07    1.524157730932400e-05
530   -1.270267552164059e-01    2.407365240181470e-01   -1.725784970286622e-07    1.524427566045545e-05
531   -1.260307759956066e-01    2.404134258072192e-01   -1.703443689304414e-07    1.524696237911652e-05
532   -1.250391063830063e-01    2.400919786889902e-01   -1.681130499600806e-07    1.524963753370896e-05
533   -1.240517243846781e-01    2.397721718502461e-01   -1.658845615030755e-07    1.525230119209912e-05
534   -1.230686081234447e-01    2.394539945630505e-01   -1.636589246197660e-07    1.525495342162350e-05
535   -1.220897358383383e-01    2.391374361839565e-01   -1.614361600482361e-07    1.525759428909392e-05
536   -1.211150858840699e-01    2.388224861532288e-01   -1.592162882072122e-07    1.526022386080288e-05
537   -1.201446367304947e-01    2.385091339940732e-01   -1.569993291989417e-07    1.526284220252870e-05
538   -1.191783669620787e-01    2.381973693118742e-01   -1.547853028120477e-07    1.526544937954063e-05
539   -1.182162552773713e-01    2.378871817934421e-01   -1.525742285243850e-07    1.526804545660397e-05
540   -1.172582804884770e-01    2.375785612062673e-01   -1.503661255058738e-07    1.527063049798508e-05
541   -1.163044215205207e-01    2.372714973977820e-01   -1.481610126212963e-07    1.527320456745627e-05
542   -1.153546574111251e-01    2.369659802946305e-01   -1.459589084331068e-07    1.527576772830071e-05
543   -1.144089673098879e-01    2.366619999019479e-01   -1.437598312042225e-07    1.527832004331730e-05
544   -1.134673304778508e-01    2.363595463026450e-01   -1.415637989007723e-07    1.528086157482537e-05
545   -1.125297262869771e-01    2.360586096567014e-01   -1.393708291948484e-07    1.528339238466940e-05
546   -1.115961342196374e-01    2.357591802004671e-01   -1.371809394672623e-07    1.528591253422378e-05
547   -1.106665338680773e-01    2.354612482459695e-01   -1.349941468102300e-07    1.528842208439726e-05
548   -1.097409049339048e-01    2.351648041802294e-01   -1.328104680300927e-07    1.529092109563762e-05
549   -1.088192272275702e-01    2.348698384645835e-01   -1.306299196499978e-07    1.529340962793608e-05
550   -1.079014806678495e-01    2.345763416340138e-01   -1.284525179125659e-07    1.529588774083177e-05
551   -1.069876452813237e-01    2.342843042964844e-01   -1.262782787825326e-07    1.529835549341612e-05
552   -1.060777012018689e-01    2.339937171322851e-01   -1.241072179493939e-07    1.530081294433719e-05
553   -1.051716286701430e-01    2.337045708933823e-01   -1.219393508300272e-07    1.530326015180395e-05
554   -1.042694080330710e-01    2.334168564027757e-01   -1.197746925712845e-07    1.530569717359051e-05
555   -1.033710197433300e-01    2.331305645538622e-01   -1.176132580525683e-07    1.530812406704031e-05
556   -1.024764443588476e-01    2.328456863098065e-01   -1.154550618884209e-07    1.531054088907024e-05
557   -1.015856625422889e-01    2.325622127029188e-01   -1.133001184310642e-07    1.531294769617476e-05
558   -1.006986550605475e-01    2.322801348340375e-01   -1.111484417729297e-07    1.531534454442987e-05
559   -9.981540278424153e-02    2.319994438719187e-01   -1.090000457491836e-07    1.531773148949717e-05
560   -9.893588668720973e-02    2.317201310526336e-01   -1.068549439402280e-07    1.532010858662777e-05
561   -9.806008784600551e-02    2.314421876789697e-01   -1.047131496741803e-07    1.532247589066618e-05
562   -9.718798743939658e-02    2.311656051198397e-01   -1.025746760293455e-07    1.532483345605420e-05
563   -9.631956674786075e-02    2.308903748096957e-01   -1.004395358366587e-07    1.532718133683465e-05
564   -9.545480715309297e-02    2.306164882479504e-01   -9.830774168213657e-08    1.532951958665524e-05
565   -9.459369013749999e-02    2.303439369984028e-01   -9.617930590927671e-08    1.533184825877221e-05
566   -9.373619728370491e-02    2.300727126886703e-01   -9.405424062146183e-08    1.533416740605400e-05
567   -9.288231027405758e-02    2.298028070096281e-01   -9.193255768436032e-08    1.533647708098498e-05
568   -9.203201089013126e-02    2.295342117148508e-01   -8.981426872827011e-08    1.533877733566891e-05
569   -9.118528101223621e-02    2.292669186200635e-01   -8.769938515048577e-08    1.534106822183259e-05
570   -9.034210261892552e-02    2.290009196025962e-01   -8.558791811762619e-08    1.534334979082936e-05
571   -8.950245778650610e-02    2.287362066008440e-01   -8.347987856795563e-08    1.534562209364251e-05
572   -8.866632868854774e-02    2.284727716137330e-01   -8.137527721367818e-08    1.534788518088877e-05
573   -8.783369759539880e-02    2.282106067001919e-01   -7.927412454323142e-08    1.535013910282167e-05
574   -8.700454687369964e-02    2.279497039786285e-01   -7.717643082355231e-08    1.535238390933492e-05
575   -8.617885898589386e-02    2.276900556264107e-01   -7.508220610231699e-08    1.535461964996571e-05
576   -8.535661648975164e-02    2.274316538793550e-01   -7.299146021019399e-08    1.535684637389797e-05
577   -8.453780203788298e-02    2.271744910312171e-01   -7.090420276304896e-08    1.535906412996562e-05
578   -8.372239837726075e-02    2.269185594331904e-01   -6.882044316415534e-08    1.536127296665584e-05
579   -8.291038834873843e-02    2.266638514934069e-01   -6.674019060637187e-08    1.536347293211210e-05
580   -8.210175488657663e-02    2.264103596764455e-01   -6.466345407432201e-08    1.536566407413744e-05
581   -8.129648101796486e-02    2.261580765028437e-01   -6.259024234654112e-08    1.536784644019743e-05
582   -8.049454986254732e-02    2.259069945486138e-01   -6.052056399761417e-08    1.537002007742335e-05
583   -7.969594463195104e-02    2.256571064447659e-01   -5.845442740029961e-08    1.537218503261516e-05
584   -7.890064862931351e-02    2.254084048768329e-01   -5.639184072763174e-08    1.537434135224448e-05
585   -7.810864524880956e-02    2.251608825844026e-01   -5.433281195499995e-08    1.537648908245758e-05
586   -7.731991797519418e-02    2.249145323606529e-01   -5.227734886225429e-08    1.537862826907831e-05
587   -7.653445038332027e-02    2.246693470518924e-01   -5.022545903571753e-08    1.538075895761099e-05
588   -7.575222613768452e-02    2.244253195571047e-01   -4.817714987025910e-08    1.538288119324324e-05
589   -7.497322899195885e-02    2.241824428274979e-01   -4.613242857130604e-08    1.538499502084885e-05
590   -7.419744278852770e-02    2.239407098660584e-01   -4.409130215685120e-08    1.538710048499056e-05
591   -7.342485145803199e-02    2.237001137271087e-01   -4.205377745946036e-08    1.538919762992288e-05
592   -7.265543901890451e-02    2.234606475158701e-01   -4.001986112823408e-08    1.539128649959472e-05
593   -7.188918957691477e-02    2.232223043880286e-01   -3.798955963077760e-08    1.539336713765221e-05
594   -7.112608732471405e-02    2.229850775493067e-01   -3.596287925514986e-08    1.539543958744133e-05
595   -7.036611654137671e-02    2.227489602550371e-01   -3.393982611178344e-08    1.539750389201053e-05
596   -6.960926159195084e-02    2.225139458097431e-01   -3.192040613540946e-08    1.539956009411343e-05
597   -6.885550692700894e-02    2.222800275667213e-01   -2.990462508696395e-08    1.540160823621131e-05
598   -6.810483708219223e-02    2.220471989276285e-01   -2.789248855545581e-08    1.540364836047578e-05
599   -6.735723667776922e-02    2.218154533420735e-01   -2.588400195985544e-08    1.540568050879124e-05
600   -6.661269041818366e-02    2.215847843072120e-01   -2.387917055093303e-08    1.540770472275743e-05
601   -6.587118309161183e-02    2.213551853673454e-01   -2.187799941310491e-08    1.540972104369186e-05
602   -6.513269956951989e-02    2.211266501135240e-01   -1.988049346625885e-08    1.541172951263232e-05
603   -6.439722480622140e-02    2.208991721831539e-01   -1.788665746756137e-08    1.541373017033929e-05
604   -6.366474383844140e-02    2.206727452596076e-01   -1.589649601326402e-08    1.541572305729835e-05
605   -6.293524178486802e-02    2.204473630718372e-01   -1.391001354045392e-08    1.541770821372249e-05
606   -6.220870384572788e-02    2.202230193939939e-01   -1.192721432885335e-08    1.541968567955458e-05
607   -6.148511530234441e-02    2.199997080450486e-01   -9.948102502551146e-09    1.542165549446961e-05
608   -6.076446151670393e-02    2.197774228884172e-01   -7.972682031736454e-09    1.542361769787699e-05
609   -6.004672793102662e-02    2.195561578315895e-01   -6.000956734427950e-09    1.542557232892287e-05
610   -5.933190006733511e-02    2.193359068257614e-01   -4.032930278176131e-09    1.542751942649235e-05
611   -5.861996352702742e-02    2.191166638654712e-01   -2.068606181759359e-09    1.542945902921174e-05
612   -5.791090399044906e-02    2.188984229882382e-01   -1.079878168585813e-10    1.543139117545075e-05
613   -5.720470721646734e-02    2.186811782742054e-01    1.848921590281302e-09    1.543331590332468e-05
614   -5.650135904205175e-02    2.184649238457861e-01    3.802118957190537e-09    1.543523325069655e-05
615   -5.580084538184780e-02    2.182496538673130e-01    5.751601343553172e-09    1.543714325517926e-05
616   -5.510315222775841e-02    2.180353625446909e-01    7.697365949581109e-09    1.543904595413772e-05
617   -5.440826564852848e-02    2.178220441250524e-01    9.639410114398160e-09    1.544094138469089e-05
618   -5.371617178932637e-02    2.176096928964179e-01    1.157773131445276e-08    1.544282958371391e-05
619   -5.302685687132534e-02    2.173983031873571e-01    1.351232716194863e-08    1.544471058784008e-05
620   -5.234030719129783e-02    2.171878693666555e-01    1.544319540325674e-08    1.544658443346293e-05
621   -5.165650912119837e-02    2.169783858429822e-01    1.737033391737953e-08    1.544845115673823e-05
622   -5.097544910775705e-02    2.167698470645628e-01    1.929374071440271e-08    1.545031079358597e-05
623   -5.029711367206900e-02    2.165622475188535e-01    2.121341393397626e-08    1.545216337969227e-05
624   -4.962148940918976e-02    2.163555817322191e-01    2.312935184379833e-08    1.545400895051138e-05
625   -4.894856298773252e-02    2.161498442696147e-01    2.504155283811015e-08    1.545584754126762e-05
626   -4.827832114945761e-02    2.159450297342683e-01    2.695001543623368e-08    1.545767918695720e-05
627   -4.761075070888234e-02    2.157411327673694e-01    2.885473828106605e-08    1.545950392235019e-05
628   -4.694583855287654e-02    2.155381480477574e-01    3.075572013763521e-08    1.546132178199235e-05
629   -4.628357164025834e-02    2.153360702916144e-01    3.265295989167287e-08    1.546313280020695e-05
630   -4.562393700141299e-02    2.151348942521619e-01    3.454645654813689e-08    1.546493701109664e-05
631   -4.496692173788319e-02    2.149346147193574e-01    3.643620922983645e-08    1.546673444854523e-05
632   -4.431251302198724e-02    2.147352265195970e-01    3.832221717599210e-08    1.546852514621946e-05
633   -4.366069809642320e-02    2.145367245154182e-01    4.020447974085563e-08    1.547030913757084e-05
634   -4.301146427388398e-02    2.143391036052077e-01    4.208299639231482e-08    1.547208645583734e-05
635   -4.236479893666191e-02    2.141423587229091e-01    4.395776671054718e-08    1.547385713404513e-05
636   -4.172068953627582e-02    2.139464848377369e-01    4.582879038662443e-08    1.547562120501033e-05
637   -4.107912359307542e-02    2.137514769538895e-01    4.769606722120184e-08    1.547737870134070e-05
638   -4.044008869586560e-02    2.135573301102668e-01    4.955959712316543e-08    1.547912965543728e-05
639   -3.980357250152438e-02    2.133640393801910e-01    5.141938010831633e-08    1.548087409949613e-05
640   -3.916956273462316e-02    2.131715998711280e-01    5.327541629806460e-08    1.548261206550991e-05
641   -3.853804718705338e-02    2.129800067244126e-01    5.512770591812081e-08    1.548434358526956e-05
642   -3.790901371764796e-02    2.127892551149765e-01    5.697624929722195e-08    1.548606869036589e-05
643   -3.728245025180844e-02    2.125993402510778e-01    5.882104686585546e-08    1.548778741219120e-05
644   -3.665834478113482e-02    2.124102573740333e-01    6.066209915499309e-08    1.548949978194085e-05
645   -3.603668536305644e-02    2.122220017579541e-01    6.249940679483830e-08    1.549120583061485e-05
646   -3.541746012045727e-02    2.120345687094818e-01    6.433297051360742e-08    1.549290558901934e-05
647   -3.480065724131724e-02    2.118479535675291e-01    6.616279113627865e-08    1.549459908776825e-05
648   -3.418626497834706e-02    2.116621517030218e-01    6.798886958337809e-08    1.549628635728472e-05
649   -3.357427164861685e-02    2.114771585186425e-01    6.981120686980072e-08    1.549796742780267e-05
650   -3.296466563320474e-02    2.112929694485779e-01    7.162980410358693e-08    1.549964232936823e-05
651   -3.235743537683043e-02    2.111095799582672e-01    7.344466248476188e-08    1.550131109184127e-05
652   -3.175256938750313e-02    2.109269855441544e-01    7.525578330414743e-08    1.550297374489687e-05
653   -3.115005623615990e-02    2.107451817334408e-01    7.706316794221841e-08    1.550463031802673e-05
654   -3.054988455631385e-02    2.105641640838409e-01    7.886681786794664e-08    1.550628084054061e-05
655   -2.995204304370199e-02    2.103839281833410e-01    8.066673463766124e-08    1.550792534156780e-05
656   -2.935652045593416e-02    2.102044696499582e-01    8.246291989392128e-08    1.550956385005845e-05
657   -2.876330561213881e-02    2.100257841315034e-01    8.425537536441505e-08    1.551119639478503e-05
658   -2.817238739262531e-02    2.098478673053459e-01    8.604410286082378e-08    1.551282300434367e-05
659   -2.758375473853015e-02    2.096707148781795e-01    8.782910427775090e-08    1.551444370715557e-05
660   -2.699739665147330e-02    2.094943225857903e-01    8.961038159163519e-08    1.551605853146828e-05
661   -2.641330219322124e-02    2.093186861928295e-01    9.138793685966068e-08    1.551766750535714e-05
662   -2.583146048533695e-02    2.091438014925838e-01    9.316177221871975e-08    1.551927065672650e-05
663   -2.525186070885176e-02    2.089696643067516e-01    9.493188988432663e-08    1.552086801331113e-05
664   -2.467449210391962e-02    2.087962704852191e-01    9.669829214959892e-08    1.552245960267743e-05
665   -2.409934396948613e-02    2.086236159058398e-01    9.846098138421037e-08    1.552404545222485e-05
666   -2.352640566295110e-02    2.084516964742139e-01    1.002199600333767e-07    1.552562558918700e-05
667   -2.295566659983770e-02    2.082805081234722e-01    1.019752306168385e-07    1.552720004063307e-05
668   -2.238711625346662e-02    2.081100468140603e-01    1.037267957278422e-07    1.552876883346899e-05
669   -2.182074415461443e-02    2.079403085335246e-01    1.054746580321854e-07    1.553033199443869e-05
670   -2.125653989120099e-02    2.077712892963015e-01    1.072188202671870e-07    1.553188955012534e-05
671   -2.069449310795560e-02    2.076029851435070e-01    1.089592852407378e-07    1.553344152695259e-05
672   -2.013459350609156e-02    2.074353921427292e-01    1.106960558303408e-07    1.553498795118573e-05
673   -1.957683084299413e-02    2.072685063878226e-01    1.124291349821228e-07    1.553652884893292e-05
674   -1.902119493188345e-02    2.071023239987023e-01    1.141585257099398e-07    1.553806424614634e-05
675   -1.846767564151567e-02    2.069368411211440e-01    1.158842310943773e-07    1.553959416862342e-05
676   -1.791626289584364e-02    2.067720539265812e-01    1.176062542818912e-07    1.554111864200794e-05
677   -1.736694667371969e-02    2.066079586119073e-01    1.193245984838316e-07    1.554263769179121e-05
678   -1.681971700857333e-02    2.064445513992786e-01    1.210392669755594e-07    1.554415134331322e-05
679   -1.627456398809798e-02    2.062818285359183e-01    1.227502630955485e-07    1.554565962176375e-05
680   -1.573147775394367e-02    2.061197862939235e-01    1.244575902444834e-07    1.554716255218350e-05
681   -1.519044850140624e-02    2.059584209700727e-01    1.261612518843822e-07    1.554866015946522e-05
682   -1.465146647911998e-02    2.057977288856354e-01    1.278612515377219e-07    1.555015246835473e-05
683   -1.411452198874963e-02    2.056377063861839e-01    1.295575927865807e-07    1.555163950345210e-05
684   -1.357960538469244e-02    2.054783498414062e-01    1.312502792717610e-07    1.555312128921270e-05
685   -1.304670707376559e-02    2.053196556449203e-01    1.329393146919739e-07    1.555459784994825e-05
686   -1.251581751491542e-02    2.051616202140905e-01    1.346247028029662e-07    1.555606920982786e-05
687   -1.198692721891319e-02    2.050042399898459e-01    1.363064474167060e-07    1.555753539287917e-05
688   -1.146002674805378e-02    2.048475114364988e-01    1.379845524005708e-07    1.555899642298928e-05
689   -1.093510671586614e-02    2.046914310415665e-01    1.396590216765118e-07    1.556045232390585e-05
690   -1.041215778681314e-02    2.045359953155935e-01    1.413298592202661e-07    1.556190311923808e-05
691   -9.891170676003995e-03    2.043812007919752e-01    1.429970690605410e-07    1.556334883245774e-05
692   -9.372136148897738e-03    2.042270440267850e-01    1.446606552782410e-07    1.556478948690022e-05
693   -8.855045021012987e-03    2.040735215985990e-01    1.463206220056867e-07    1.556622510576542e-05
694   -8.339888157646733e-03    2.039206301083273e-01    1.479769734258189e-07    1.556765571211880e-05
695   -7.826656473576162e-03    2.037683661790416e-01    1.496297137714689e-07    1.556908132889236e-05
696   -7.315340932785508e-03    2.036167264558088e-01    1.512788473245622e-07    1.557050197888558e-05
697   -6.805932548173887e-03    2.034657076055227e-01    1.529243784153962e-07    1.557191768476642e-05
698   -6.298422381272987e-03    2.033153063167386e-01    1.545663114218970e-07    1.557332846907217e-05
699   -5.792801541974780e-03    2.031655192995104e-01    1.562046507688599e-07    1.557473435421054e-05
700   -5.289061188242359e-03    2.030163432852256e-01    1.578394009272529e-07    1.557613536246043e-05
701   -4.787192525839184e-03    2.028677750264463e-01    1.594705664134768e-07    1.557753151597300e-05
702   -4.287186808051428e-03    2.027198112967480e-01    1.610981517886576e-07    1.557892283677250e-05
703   -3.789035335408351e-03    2.025724488905609e-01    1.627221616579583e-07    1.558030934675720e-05
704   -3.292729455419459e-03    2.024256846230136e-01    1.643426006698490e-07    1.558169106770027e-05
705   -2.798260562290656e-03    2.022795153297760e-01    1.659594735154567e-07    1.558306802125070e-05
706   -2.305620096667269e-03    2.021339378669062e-01    1.675727849278403e-07    1.558444022893421e-05
707   -1.814799545357938e-03    2.019889491106961e-01    1.691825396813393e-07    1.558580771215402e-05
708   -1.325790441061583e-03    2.018445459575196e-01    1.707887425909245e-07    1.558717049219183e-05
709   -8.385843621195767e-04    2.017007253236829e-01    1.723913985114799e-07    1.558852859020866e-05
710   -3.531729322325568e-04    2.015574841452741e-01    1.739905123372089e-07    1.558988202724561e-05
711    1.304521797900890e-04    2.014148193780154e-01    1.755860890009479e-07    1.559123082422485e-05
712    6.122992602914388e-04    2.012727279971173e-01    1.771781334735259e-07    1.559257500195036e-05
713    1.092376551038376e-03    2.011312069971308e-01    1.787666507631676e-07    1.559391458110876e-05
714    1.570692249462062e-03    2.009902533918057e-01    1.803516459148090e-07    1.559524958227020e-05
715    2.047254508932205e-03    2.008498642139452e-01    1.819331240095330e-07    1.559658002588911e-05
716    2.522071439001063e-03    2.007100365152655e-01    1.835110901639187e-07    1.559790593230502e-05
717    2.995151105658341e-03    2.005707673662547e-01    1.850855495294368e-07    1.559922732174343e-05
718    3.466501531590042e-03    2.004320538560326e-01    1.866565072918698e-07    1.560054421431652e-05
719    3.936130696420924e-03    2.002938930922134e-01    1.882239686706885e-07    1.560185663002397e-05
720    4.404046536970924e-03    2.001562822007679e-01    1.897879389184864e-07    1.560316458875376e-05
721    4.870256947500809e-03    2.000192183258875e-01    1.913484233203891e-07    1.560446811028291e-05
722    5.334769779960621e-03    1.998826986298491e-01    1.929054271934838e-07    1.560576721427826e-05
723    5.797592844229977e-03    1.997467202928823e-01    1.944589558862335e-07    1.560706192029728e-05
724    6.258733908363818e-03    1.996112805130360e-01    1.960090147779186e-07    1.560835224778877e-05
725    6.718200698844724e-03    1.994763765060464e-01    1.975556092781116e-07    1.560963821609359e-05
726    7.176000900807247e-03    1.993420055052079e-01    1.990987448260702e-07    1.561091984444547e-05
727    7.632142158292438e-03    1.992081647612425e-01    2.006384268902401e-07    1.561219715197170e-05
728    8.086632074478106e-03    1.990748515421724e-01    2.021746609676888e-07    1.561347015769388e-05
729    8.539478211912924e-03    1.989420631331931e-01    2.037074525835620e-07    1.561473888052865e-05
730    8.990688092768873e-03    1.988097968365455e-01    2.052368072906099e-07    1.561600333928836e-05
731    9.440269199057258e-03    1.986780499713928e-01    2.067627306686055e-07    1.561726355268182e-05
732    9.888228972863752e-03    1.985468198736961e-01    2.082852283238349e-07    1.561851953931504e-05
733    1.033457481659355e-02    1.984161038960906e-01    2.098043058886304e-07    1.561977131769188e-05
734    1.077931409318818e-02    1.982858994077638e-01    2.113199690208203e-07    1.562101890621471e-05
735    1.122245412636197e-02    1.981562037943354e-01    2.128322234032548e-07    1.562226232318519e-05
736    1.166400220082709e-02    1.980270144577364e-01    2.143410747433026e-07    1.562350158680489e-05
737    1.210396556251524e-02    1.978983288160910e-01    2.158465287723466e-07    1.562473671517599e-05
738    1.254235141881418e-02    1.977701443035974e-01    2.173485912453381e-07    1.562596772630192e-05
739    1.297916693878060e-02    1.976424583704121e-01    2.188472679402840e-07    1.562719463808809e-05
740    1.341441925336657e-02    1.975152684825335e-01    2.203425646577861e-07    1.562841746834247e-05
741    1.384811545564350e-02    1.973885721216860e-01    2.218344872205831e-07    1.562963623477630e-05
742    1.428026260101628e-02    1.972623667852072e-01    2.233230414730702e-07    1.563085095500473e-05
743    1.471086770745029e-02    1.971366499859332e-01    2.248082332808686e-07    1.563206164654743e-05
744    1.513993775567446e-02    1.970114192520882e-01    2.262900685303272e-07    1.563326832682929e-05
745    1.556747968941612e-02    1.968866721271716e-01    2.277685531281373e-07    1.563447101318099e-05
746    1.599350041559993e-02    1.967624061698479e-01    2.292436930008384e-07    1.563566972283966e-05
747    1.641800680456827e-02    1.966386189538380e-01    2.307154940944039e-07    1.563686447294952e-05
748    1.684100569029687e-02    1.965153080678095e-01    2.321839623738198e-07    1.563805528056243e-05
749    1.726250387059806e-02    1.963924711152697e-01    2.336491038226318e-07    1.563924216263857e-05
750    1.768250810733018e-02    1.962701057144591e-01    2.351109244425217e-07    1.564042513604707e-05
751    1.810102512662107e-02    1.961482094982439e-01    2.365694302529392e-07    1.564160421756650e-05
752    1.851806161905652e-02    1.960267801140124e-01    2.380246272906260e-07    1.564277942388557e-05
753    1.893362423989439e-02    1.959058152235707e-01    2.394765216092343e-07    1.564395077160371e-05
754    1.934771960927602e-02    1.957853125030379e-01    2.409251192789452e-07    1.564511827723159e-05
755    1.976035431241782e-02    1.956652696427452e-01    2.423704263860280e-07    1.564628195719178e-05
756    2.017153489982207e-02    1.955456843471332e-01    2.438124490324754e-07    1.564744182781929e-05
757    2.058126788747385e-02    1.954265543346516e-01    2.452511933355971e-07    1.564859790536217e-05
758    2.098955975704483e-02    1.953078773376587e-01    2.466866654276477e-07    1.564975020598206e-05
759    2.139641695609313e-02    1.951896511023219e-01    2.481188714554482e-07    1.565089874575471e-05
760    2.180184589825218e-02    1.950718733885202e-01    2.495478175799796e-07    1.565204354067068e-05
761    2.220585296344198e-02    1.949545419697454e-01    2.509735099760596e-07    1.565318460663570e-05
762    2.260844449804939e-02    1.948376546330063e-01    2.523959548319245e-07    1.565432195947141e-05
763    2.300962681512971e-02    1.947212091787323e-01    2.538151583488887e-07    1.565545561491578e-05
764    2.340940619460430e-02    1.946052034206772e-01    2.552311267410013e-07    1.565658558862371e-05
765    2.380778888344381e-02    1.944896351858259e-01    2.566438662346607e-07    1.565771189616755e-05
766    2.420478109586286e-02    1.943745023142998e-01    2.580533830682765e-07    1.565883455303762e-05
767    2.460038901351327e-02    1.942598026592648e-01    2.594596834919344e-07    1.565995357464281e-05
768    2.499461878566880e-02    1.941455340868370e-01    2.608627737670394e-07    1.566106897631096e-05
769    2.538747652940699e-02    1.940316944759939e-01    2.622626601659593e-07    1.566218077328958e-05
770    2.577896832980984e-02    1.939182817184815e-01    2.636593489717361e-07    1.566328898074618e-05
771    2.616910024013421e-02    1.938052937187253e-01    2.650528464777060e-07    1.566439361376893e-05
772    2.655787828201124e-02    1.936927283937398e-01    2.664431589872237e-07    1.566549468736704e-05
773    2.694530844560717e-02    1.935805836730421e-01    2.678302928132637e-07    1.566659221647141e-05
774    2.733139668983601e-02    1.934688574985609e-01    2.692142542782040e-07    1.566768621593495e-05
775    2.771614894250680e-02    1.933575478245523e-01    2.705950497133982e-07    1.566877670053326e-05
776    2.809957110053226e-02    1.932466526175113e-01    2.719726854589600e-07    1.566986368496501e-05
777    2.848166903008817e-02    1.931361698560869e-01    2.733471678633900e-07    1.567094718385249e-05
778    2.886244856680519e-02    1.930260975309961e-01    2.747185032833184e-07    1.567202721174199e-05
779    2.924191551592821e-02    1.929164336449409e-01    2.760866980831468e-07    1.567310378310448e-05
780    2.962007565251157e-02    1.928071762125230e-01    2.774517586348171e-07    1.567417691233586e-05
781    2.999693472157696e-02    1.926983232601616e-01    2.788136913174609e-07    1.567524661375761e-05
782    3.037249843829841e-02    1.925898728260104e-01    2.801725025171497e-07    1.567631290161718e-05
783    3.074677248817012e-02    1.924818229598761e-01    2.815281986265915e-07    1.567737579008843e-05
784    3.111976252717549e-02    1.923741717231372e-01    2.828807860448406e-07    1.567843529327219e-05
785    3.149147418196100e-02    1.922669171886636e-01    2.842302711770295e-07    1.567949142519664e-05
786    3.186191305000471e-02    1.921600574407362e-01    2.855766604340891e-07    1.568054419981779e-05
787    3.223108469978142e-02    1.920535905749688e-01    2.869199602324666e-07    1.568159363101998e-05
788    3.259899467093958e-02    1.919475146982275e-01    2.882601769938863e-07    1.568263973261619e-05
789    3.296564847445703e-02    1.918418279285549e-01    2.895973171450494e-07    1.568368251834867e-05
790    3.333105159280352e-02    1.917365283950916e-01    2.909313871173603e-07    1.568472200188928e-05
791    3.369520948012247e-02    1.916316142379992e-01    2.922623933467264e-07    1.568575819683991e-05
792    3.405812756237721e-02    1.915270836083847e-01    2.935903422732435e-07    1.568679111673296e-05
793    3.441981123751914e-02    1.914229346682247e-01    2.949152403409620e-07    1.568782077503181e-05
794    3.478026587565507e-02    1.913191655902902e-01    2.962370939976569e-07    1.568884718513113e-05
795    3.513949681919176e-02    1.912157745580731e-01    2.975559096945269e-07    1.568987036035745e-05
796    3.549750938301602e-02    1.911127597657107e-01    2.988716938860202e-07    1.569089031396944e-05
797    3.585430885463585e-02    1.910101194179146e-01    3.001844530295348e-07    1.569190705915848e-05
798    3.620990049434661e-02    1.909078517298962e-01    3.014941935852098e-07    1.569292060904893e-05
799    3.656428953538631e-02    1.908059549272956e-01    3.028009220156858e-07    1.569393097669865e-05
